32297
8043
84863
19280
60510
16046
35112
68811
80029
47161
27701
45911
332
67609
83410
70986
58524
85588
62780
51766
22727
40445
52338
72289
14869
36485
85012
32462
8038
79266
24538
11282
45012
67788
38097
28130
18305
49469
19219
313
83124
83452
19432
48423
83752
50392
74324
62157
69406
65864
38020
51015
74206
17181
11539
81026
20453
71337
49412
6494
69366
71474
14762
77870
1319
59198
11512
73014
44400
31298
82712
24644
40846
41242
1281
12837
70855
18105
38685
78443
81864
52609
51074
14857
70063
17312
22389
51585
66713
40398
62524
30888
84874
44742
25800
71567
74412
45671
67483
39634
52757
45268
41570
45442
86719
85520
22818
10828
805
60283
68631
82959
42177
40293
85630
37075
25206
9861
84347
57695
9755
38892
85453
80973
55239
37315
85890
37404
19183
10131
5049
60823
64234
46493
48044
26962
22606
57276
18770
65460
29538
12792
17061
71009
33984
69963
73711
24417
78342
78454
45802
32898
18927
29376
34428
45252
24435
86405
12529
82239
37143
60339
62005
37597
34558
65595
26346
47000
42648
58847
2840
16377
16792
4209
54529
6526
25424
73100
4979
43964
58285
86088
61824
31587
71022
73122
17936
82218
41023
76218
67453
86308
55386
44579
44388
59776
43326
45656
40973
34511
19738
3730
11207
14701
64519
59423
31148
67768
68369
43921
43343
34498
87449
60175
50703
23084
46331
31821
58044
16974
52337
9400
57849
14856
35351
25971
27154
28233
87449
39502
64423
66533
57630
11546
25761
27316
19502
8109
57303
36944
56599
56696
8224
52440
76696
16167
86692
24605
75111
63961
49712
47212
1919
84685
56914
10801
81343
86307
68428
6778
16708
27268
26163
15514
77234
54462
10836
57418
13362
30849
14271
59294
79096
83875
69340
48846
59004
72944
17627
41204
26441
36121
55985
14725
83024
65898
6590
11775
12847
38678
29432
10491
16027
65693
43964
5369
69457
1217
81837
77501
44249
13991
46855
24355
54799
11304
15465
25128
3818
4539
50510
86383
47911
76245
22100
14239
49559
59179
41767
72822
2011
53819
83148
46156
16510
60444
45348
78425
75747
84539
55433
69717
65256
7821
6662
25782
72016
59170
40155
65466
38247
76881
37957
51733
46596
10713
72173
9978
41806
52186
70891
25392
54017
441
86143
31951
1330
87418
48456
63239
60478
81425
72586
26914
69871
56181
26579
14186
83955
74926
8023
20387
24606
17530
51224
31466
46309
83078
65419
76248
60051
58533
53894
10701
9756
6969
72343
17753
55814
27385
13981
6654
25543
76630
2760
49246
17045
5410
49847
60815
50504
38844
43714
10110
24553
15049
54005
44595
55342
18009
21373
75620
25910
36280
23665
49903
4881
50148
33169
77124
49083
61075
61559
7087
3482
45202
84689
87470
68541
63197
406
42656
30586
55024
26552
32820
20258
82662
87670
65410
59397
47973
85142
4767
43488
87198
38329
56225
65814
4032
10813
58558
73634
44153
43564
86460
29825
42446
73539
9985
85274
69408
55839
16800
26240
68054
74041
60030
57242
62638
61518
3652
82945
42999
52908
48380
83146
37835
75688
76248
19462
67707
46473
46352
66681
33493
55719
40537
30086
20565
33690
35409
76965
32645
62891
11755
79453
61066
1820
14756
61215
4748
70526
24934
50832
47161
677
15569
48092
55174
40814
30840
68052
9536
36851
12667
46480
12074
44868
46518
24316
29973
16122
16082
77264
16341
51234
20395
64942
70477
67055
71865
32088
3634
72626
77320
1561
43341
40895
144
66908
32330
86026
72175
72702
49917
73677
31035
13107
34873
3409
62683
49760
23248
20948
46180
77267
12684
22534
86683
54508
37061
2219
8652
58581
18628
85970
67428
46116
75508
74288
51521
48722
50357
27354
68622
73889
39934
24153
57917
53675
47060
55563
71000
64085
20133
66395
63589
3055
45809
25951
30370
67756
5715
34796
27948
2740
441
53449
84454
82238
70142
23869
24782
25244
75852
81650
7945
5987
63287
66048
39075
9228
5874
80153
39898
59828
34020
4891
60948
48802
47839
20832
41981
57805
8737
19272
82118
85146
82081
77711
16297
81511
87230
49586
32868
45870
18230
15380
35615
51664
85482
50319
56243
33799
7629
70627
5899
20586
37565
23145
9798
688
39386
42448
59760
30629
20484
25052
85694
54882
38928
69825
80821
39953
1406
14650
28609
26298
85678
14933
66647
23608
24307
23818
31131
37942
4303
6899
46524
58090
10721
30247
62145
29031
25385
66974
12883
42716
49207
60696
53706
7926
70576
8373
12676
87390
50379
73527
23688
57896
30574
80419
70588
40894
23076
2132
30075
45594
86627
4326
35292
21403
71135
40771
4782
52530
1785
29708
22381
72680
84167
12577
711
38373
38679
1982
85032
21649
38806
31915
72130
84572
10104
75686
82367
54010
56394
9611
61810
26529
41419
27619
7641
9745
70072
56466
68961
84313
28382
74574
44277
45937
67742
24719
20474
16704
80444
35923
28844
39599
73372
43325
7110
34367
32090
60328
6368
44304
34405
64092
64899
27207
31099
37502
61678
69657
43086
50147
39365
17612
84845
71132
61320
21586
64740
25478
83639
66547
50880
28118
17289
68082
71139
31611
6255
50754
9744
40854
43131
81189
32074
31207
41762
77795
36627
49323
86243
84824
35435
44249
80742
53902
51214
84949
11058
22149
35415
7509
15713
48681
84714
42599
589
61636
32961
7102
67049
73210
11987
83261
38729
84950
13158
61197
34607
53499
66041
35416
78203
27722
34525
45307
1541
42295
23968
49858
19846
67197
19500
35428
37913
37979
32700
54544
5077
34485
12757
19197
40547
73984
26950
16743
38240
22896
733
56652
82105
71044
33731
46862
25321
60857
48024
60387
65925
46853
79729
80698
60546
50059
62817
50611
48786
4544
73184
63102
4602
8828
28445
81290
34704
85054
22240
68863
47725
39482
85205
13228
49272
45408
23401
1973
50204
4849
48155
74925
58268
61473
72479
84756
84542
23266
47506
62970
63275
66707
45967
70525
65069
74367
10954
21174
6418
87407
30849
43485
61247
27965
22191
4220
85413
70333
34521
64996
22586
4772
18824
20766
76141
68789
33709
87635
61610
84565
68433
28139
57175
18023
20260
56813
15279
39503
33723
32678
86794
81025
68390
87922
71660
19199
8059
57109
41553
18752
11296
64937
50872
28942
78226
39523
77380
76697
26504
15166
73226
48031
70656
20187
34450
15106
46552
62618
19844
13863
55652
62431
69534
87830
29000
19626
17330
51886
3315
65257
31712
52319
7952
15362
62407
62131
83187
76323
45858
80579
35317
85159
76237
74491
36780
48214
33028
68480
76534
36971
19034
43369
35982
66544
25216
73087
86627
40021
54259
36277
20416
19566
72446
79555
49864
2057
29076
14378
52947
1949
10011
9111
69780
13767
12483
33033
18974
56465
8012
54041
16859
38797
9392
29596
3398
43334
53992
27429
63279
77139
45004
26128
57047
72751
27180
25753
35501
72059
36651
29275
5522
37740
39765
9142
70690
79817
77372
70574
46446
47803
60541
54112
36550
47771
28646
30809
31126
38125
6009
30803
77997
55604
31913
45400
3741
79399
51105
69288
46987
4747
80101
58795
60966
45270
85412
74491
33285
82682
84943
69878
38953
67501
53334
82684
76480
27561
57207
14451
596
65907
56572
17008
63108
63913
39239
49165
68321
1605
2379
46048
18709
75693
82367
65692
42257
87324
52833
85803
39677
36233
23096
44665
9554
60291
41660
35857
69455
53925
66677
2041
54859
63368
10571
43824
79076
24779
72838
47082
16818
50287
24428
31101
9318
78460
57140
786
72274
18063
4196
5452
10821
30315
85452
60929
1435
27112
48007
12895
28226
31645
46211
61559
30665
76785
17474
83305
21020
72132
76040
49043
19057
63857
57991
86701
15392
11020
71643
58264
7858
84896
70825
71338
38633
14727
21892
34102
39179
51624
40524
45807
79603
25994
55353
3225
48019
7477
21833
10935
15990
32364
57926
22706
40791
76615
44555
22922
77784
52216
39759
14838
45063
2870
71179
54329
17764
55886
85066
57276
76611
49356
79159
27641
85774
34021
42196
26810
2703
76831
49007
37112
20458
51576
68239
83679
15700
80421
74009
27235
36314
1852
12316
64316
65730
2473
50902
43446
16971
21578
76848
1376
3485
38215
44009
50877
44997
58120
620
64499
16029
59996
189
56046
35752
54130
4600
12790
69414
78078
86766
62037
32205
4879
24987
22172
51985
87738
14192
46833
146156
163957
168229
119247
101369
170741
162100
104771
170256
118612
107183
93962
134665
146648
96292
154888
124147
97037
107829
166751
117153
97483
124323
113654
156955
122406
117912
103130
151897
126872
112126
175089
169818
101109
122009
120794
89941
160451
123755
122386
148024
99628
105666
141647
165902
105368
204850
220192
195299
252605
231297
177913
183576
248186
214863
222732
252663
190128
206275
179642
250349
224003
227008
246781
177981
185505
193217
319033
324780
308651
348218
349578
313978
267236
351365
303468
354659
412993
397605
370684
398791
359068
406437
391063
397090
364140
380524
432174
372661
360662
394825
460927
463442
467266
441302
473198
474384
505873
513414
462463
476507
521355
454265
608299
531552
581678
591840
610870
563740
669901
674207
783910
751461
826333
815651
929561
898450
918500
1039662
1014775
1045644
1024875
1048611
1035440
991438
1013951
1052349
1041280
1048655
986850
1030324
977761
1049572
1198707
1186655
1312182
1247350
1381915
1343918
1401753
1432672
1440421
1551033
1563554
1631111
1605898
1682264
1695080
1716864
1741130
1772947
1799697
1935036
1909059
1942866
1961978
1983557
2078679
2059102
2197463
2125790
2522685
2526754
2616516
2577720
2607798
2581467
2705634
2663320
2805772
2758340
2740657
2866708
2885805
2837528
2973936
2906176
2986429
2906304
3055876
3001032
3050134
3254871
3176054
3326794
3332487
3352173
3361609
3451515
3491241
3681884
3623894
3912523
3933400
4130044
4057013
4094427
4845849
4850532
4967198
4962714
5285870
5294243
5622158
5603414
5894348
5857621