56999
20127
7701
85814
41848
41757
59306
69739
2518
85672
5364
13825
4138
78819
68295
37583
26555
29947
72141
18495
67092
36601
86992
2111
28179
66952
23717
47927
22271
64689
65202
74801
67952
35490
58355
50382
71464
82037
83584
36944
79213
3256
41978
82950
68087
87106
33290
66390
31534
47142
76993
45562
27708
612
47771
70629
58113
71936
39358
20963
23546
28823
8892
1585
63404
1669
54954
59514
59745
4120
73149
24131
2357
52719
70958
47366
74608
53733
47706
10763
61332
7060
61002
48901
46009
79039
67488
65475
71755
72775
83181
20561
3168
69684
57130
8401
48467
34140
25930
59921
72554
67892
73816
77675
23619
20660
18068
81271
35135
36934
4473
84673
13150
77711
49926
6948
49412
82300
66593
1960
39978
11570
4186
64968
10959
10700
61258
24579
80785
39482
46367
24356
44111
10083
42889
75923
26473
12103
41707
67495
44078
85702
76971
39660
32291
40567
60609
20056
50209
8566
86576
54044
14502
76633
64358
61755
2490
24140
53430
51412
67516
10239
57234
68129
46491
32599
27183
60561
33433
45107
4299
2861
57097
81859
50017
36253
79806
43676
239
86371
2387
45072
39469
75922
7871
51250
79639
35116
7184
9642
23510
22889
541
33015
36567
59408
58011
39075
31611
1815
85430
16517
82499
44820
2904
71421
16420
53425
57186
6735
62347
24184
37988
59543
28860
80040
46267
84665
56052
77204
87957
76514
42605
61816
83202
60287
73793
75787
9859
42727
83465
84632
3093
16688
53870
33945
7658
23302
48183
57565
29417
76849
58642
23748
38864
27826
46275
82550
45582
30829
70011
39254
80299
14690
51367
4567
41869
77121
52701
16305
30058
60621
60919
82225
13997
87293
21244
26876
84391
80439
50555
60660
13272
36788
73368
76893
35574
10818
68916
70697
5469
51842
31659
27224
60223
65456
77796
8182
80118
1565
12942
15117
13029
47541
78102
7552
71383
52329
57146
54541
73810
42724
3433
64804
50724
22658
12358
56403
67562
67599
80465
20832
77481
43308
80897
15463
82669
21966
67936
26428
62383
35384
73266
63283
66757
15903
30347
52877
59289
76621
13213
7165
82539
53039
68454
70349
63254
65758
44654
85835
6505
68747
64831
83932
23194
10913
83829
29390
40941
23446
11198
22357
17894
78062
26625
82584
24403
23928
13067
62903
74348
46954
49028
1661
84900
32902
30496
23863
46086
31024
69762
18868
72408
24297
13632
21847
79381
87994
66177
4501
50073
18749
48671
77717
63042
27254
49668
64553
3236
59614
67523
83602
12462
48840
38055
34733
44218
36606
37942
22283
80601
23314
5299
14307
85084
49178
82920
62338
79151
20148
23864
58606
18501
38576
4515
79352
16911
86755
49942
3419
22316
385
16537
30500
33214
31537
62185
85836
65878
41784
79504
3731
33448
31779
84344
61626
61665
6661
9724
77536
72904
83306
66717
65544
39427
23890
65378
63907
20812
35887
13980
35153
40100
83587
76271
70232
33476
7139
35049
487
34127
25196
1802
56083
63717
22518
18947
13601
6549
75920
55505
57410
82011
39715
60886
47913
8360
37461
38366
75557
77451
6907
47782
79331
6213
22150
51250
77432
32568
9661
69252
25784
43864
84486
76850
68592
58170
39401
78915
61387
82471
35194
65303
4368
63801
9246
61377
42824
77386
24275
41020
47599
5365
45705
46544
62221
36691
87366
68970
47740
82972
65954
41858
58293
3425
1961
13398
45340
10956
29540
39610
85816
27482
7894
59366
85429
20977
81053
61695
54930
77696
21019
80351
825
8524
16665
73401
17664
85113
52182
32398
77109
67714
65204
77853
78944
37392
64990
86526
87200
86449
63443
82395
60142
31479
83234
67865
62862
28426
28220
8144
86276
14699
58827
57066
13519
75019
9419
2820
11049
25583
33513
26073
76766
87741
22869
21457
18561
85056
19138
49029
83664
32573
43945
28174
28043
78635
16426
42917
15384
9962
3822
11098
30420
65319
15604
32541
51856
62586
5093
69581
46421
45499
70091
6299
54624
75344
80978
26014
65066
86096
39843
46109
7117
85533
14052
86518
65046
29051
24942
28493
44705
25914
82599
87351
59170
41375
42081
71575
73313
75556
80133
15211
10886
1734
80748
11528
2948
64266
28642
6628
15688
34103
3909
87059
78705
80000
7527
76577
67500
52244
36073
84367
38171
63530
80328
61052
30743
35410
33433
11743
77362
70047
59362
54731
48841
53292
12607
45271
55171
52603
83195
30213
1624
40207
13461
38519
17892
48171
46946
31840
84049
6045
15773
74498
43699
87537
7906
27857
67236
56160
59377
83186
85082
68341
8817
1870
1575
58891
5848
36112
5332
13613
66019
18153
49983
59576
44621
47245
81950
63558
73086
16037
69593
20701
34059
21396
14837
37140
17481
39486
15889
61364
47993
8463
25545
55085
87244
36553
45986
39806
17417
76763
57199
36213
62661
67787
57980
63534
75098
60048
7398
18732
48091
65505
48108
50999
12925
1226
20198
34819
79696
29258
51833
12727
29
85764
47078
33510
61131
17158
53091
2942
32866
79056
44407
54010
6882
85992
42644
83427
9276
72283
80270
23142
68187
11528
41875
41933
71433
28026
25070
7919
10779
49243
13729
30483
1540
26463
15702
42214
71227
86796
43786
73099
47802
81211
21366
7488
44093
33562
87160
38542
438
67540
62538
8295
79150
40935
75333
76614
39136
23107
44814
20112
41315
69155
45381
51362
43068
28293
85170
646
21477
55995
85868
52746
70909
71903
83018
34991
34798
12314
29685
62197
78115
51293
51904
7414
25256
49073
377
16474
85732
80597
52766
26710
77165
51353
85773
51865
12016
43785
24685
79630
80050
29592
47782
59926
75664
13875
86234
11605
22003
11051
25237
61115
21892
10144
37567
76208
58302
36537
37633
19672
18572
21232
71684
30508
60447
41778
1464
7552
67176
64645
54468
77824
35164
23950
85588
73848
59847
58796
42218
69670
54895
11240
77927
86181
8991
64391
39391
17445
32139
23370
38405
68444
83430
6092
38682
80069
45984
53368
26874
68547
53425
34657
43617
58332
8915
68894
32176
51068
86049
70922
36759
21536
15927
29863
67137
56931
56546
86162
19351
67051
14759
72720
49342
77682
17152
45559
52922
63222
62373
44905
77683
27969
70459
64003
23670
53157
32139
8124
44565
8829
56285
51075
17844
53043
75077
85128
29991
19332
85324
69977
1984
48331
52467
25957
59612
11471
46554
84296
37114
57502
9477
43397
32530
39420
84270
28686
7045
4599
39926
26286
9352
3077
76431
29415
22653
6262
66976
54736
81143
83726
14935
86461
61254
18015
27823
29978
77561
256
23353
14774
71638
33610
85380
37178
43412
31175
18717
18254
79186
77167
1528
83172
84377
52664
87029
85612
45102
57571
38192
14368
43961
36363
86111
36291
14741
52468
75262
14564
32273
21725
82815
60096
9934
24213
63329
55084
53533
28367
53065
46483
81001
1698
56516
7132
14603
44974
64129
11138
46349
83474
12261
53724
58035
68813
32928
58730
7961
67388
79852
22427
39865
32137
73188
23999
48041
5672
39690
57832
13294
61208
41676
79745
38131
38200
45752
41886
81948
87934
3094
19660
8076
30715
30366
42463
6584
33358
77645
36808
50354
60614
72462
28497
21249
17924
86543
32474
16436
254
72491
56626
61114
9904
43198
15935
5867
56109
5124
23439
63659
8043
49269
10341
85985
24772
27851
43043
817
2988
1839
69167
7687
9137
55253
41628
12883
71074
22282
9785
63411
23592
53090
78683
85495
53585
41790
35030
84371
50601
18623
82474
66741
82335
2714
42605
81640
44214
74173
39316
25448
81966
57034
36999
16416
32296
57500
25911
37319
86021
63451
54766
33603
29056
7341
86177
80742
7288
58929
60624
83466
54493
22491
73324
35086
67209
35648
41552
13011
12347
59778
12805
14272
81810
1427
43648
84710
31013
1238
28433
63129
18581
65971
39099
21814
61517
87641
27673
1831
59858
57325
51317
44856
11603
70140
53512
43249
75268
7796
24077
69550
36815
24631
66374
1301
524
58734
64824
29570
67250
81616
29354
41224
20620
52340
52032
79080
35076
49056
82151
66604
30962
66320
42853
67473
49576
87171
69581
30590
59567
52563
66835
10092
37470
24987
63297
85750
39127
19886
76506
83433
34817
24132
245
55661
55120
86592
2646
68375
64516
39800
37401
79097
76207
64139
1509
40508
3267
4590
59967
12975
82595
38159
41990
6126
985
37926
28410
60441
87925
68800
60613
63242
79425
24520
51584
12100
30740
87557
19311
76898
66847
59505
17184
79576
1010
54101
8552
17394
57648
77674
53698
15795
73232
81403
28960
16267
72196
31896
56918
84357
71483
58970
17962
67562
55051
53102
73641
46221
23196
66780
81152
85683
4754
71863
66294
29484
31212
40018
80254
82729
35628
53476
61880
6689
61128
40874
33821
31300
22146
36830
60254
53653
69828
78983
20172
25207
86737
74873
6955
44651
30220
36001
4633
81628
3062
35389
53389
54099
64673
5456
17777
86284
3820
74165
4317
67410
62709
32463
28754
12165
34711
81346
72797
67002
50854
55066
2417
51412
39118
47667
61305
77517
65969
6944
31038
36725
19811
74166
3368
59994
12481
15225
71509
71732
57338
8281
50740
44039
3400
49978
48696
24112
60372
63364
17271
4086
15670
86063
76544
25882
72119
8442
87168
71638
59979
83983
662
40358
61233
41915
82540
68191
38001
34460
15018
6204
41040
77178
78925
5516
84678
84259
66914
56163
53427
40003
23748
78386
58597
33540
48579
3824
57790
24841
20647
64864
74536
1779
4581
33652
67152
66733
8001
51731
80274
15573
12579
17373
18426
77559
67956
75283
5403
31396
82928
21110
32771
73692
82988
31494
16845
20547
32900
78440
20307
35612
81287
4224
17943
32755
78499
48241
74251
72843
62705
24890
40622
81384
15856
86362
14345
19083
27587
4350
72782
40217
9401
38469
65816
42619
55327
19052
19492
39050
84993
48301
40374
70335
4144
17115
19076
68706
44141
69031
49346
29247
5420
26353
63507
64923
25290
37460
59515
30872
46407
802
72755
7539
68476
31377
75055
41571
41506
74544
29147
38516
49430
86996
17372
85970
75089
55167
62281
51238
71592
50554
35662
48359
41035
31101
43846
37758
28545
86122
70644
36879
80831
22366
53069
85878
59873
32791
58490
69675
42087
29486
35465
45227
63487
23810
19685
68274
43965
83140
21480
33544
9681
2228
65654
25139
28596
9715
10923
16379
61474
46510
41802
70283
22944
47232
32038
41772
68243
15387
26742
9700
16939
20050
5451
27616
44531
52828
50813
41495
74859
34008
46176
59989
19107
56148
71979
44828
50642
57684
72322
71460
3089
42605
81197
16340
28444
51329
77023
80025
82583
66733
23797
48998
77451
57979
62609
72714
70301
74454
80421
55886
78375
74767
46450
76887
65111
30739
80278
54987
17432
78527
9933
71338
54781
29720
8965
22028
56976
19918
47761
15851
82209
19093
2607
62476
21572
3414
47656
69781
923
72948
32525
12911
35942
47883
73287
60175
35417
77993
78393
12468
2454
31466
59582
68266
39199
30987
76024
3852
46823
14539
25315
80052
86341
77510
39420
84806
26902
26933
29381
50327
9402
74998
75815
38744
12464
37011
22380
82951
63839
26122
70398
15727
9643
58396
22839
41698
9530
46992
52271
50613
31183
63556
19990
28129
62331
2405
4138
30179
51292
68798
86103
82468
19704
58679
74690
44056
58705
31426
695
28717
9159
73219
48752
34992
33748
38460
35217
15580
27789
21647
1275
54739
22823
31568
45703
62459
11959
10133
73624
58846
8068
56845
64019
61145
54048
18163
8864
78627
63623
25886
17922
49996
40528
19943
26865
61133
53064
32070
43726
81976
63677
30347
48799
75369
84881
78675
25242
8038
78530
70088
44132
13857
62326
83245
28679
24179
62203
78712
31425
78959
73688
87361
75759
73142
59367
36214
76612
44943
53632
63575
58269
4911
67522
33387
40900
20220
81324
56824
14649
50027
1529
50837
55942
15565
53046
3494
65023
11388
37636
53319
40922
87666
55600
31204
48558
40743
62431
42563
76799
9401
79402
12531
66625
26307
48913
14813
5145
66209
12875
51761
17206
79222
5834
33883
51709
31095
52888
10586
42157
75196
20834
18927
13216
9904
58502
53697
67693
87567
5333
39209
46094
48875
67469
85649
22862
74797
43737
49919
19784
25825
35681
25464
28473
50640
76999
12253
33717
81901
68661
40315
22820
60063
18149
76507
34246
57185
27922
52655
78188
18519
68146
13220
32118
12440
45285
47247
41462
42066
13079
40291
70212
1585
4301
1142
27563
68493
30034
69443
47761
75688
19028
29223
82312
43565
52635
41029
52579
32413
2461
50184
65211
1001
83771
39471
77280
13299
63306
67458
53090
4496
15431
22867
28024
79606
72480
71602
66224
44811
15285
26521
21216
50817
71054
47275
9283
25355
46227
4757
44498
16890
52134
73053
399
26070
84458
55133
70773
32217
48115
61297
64541
17114
4044
3899
72963
75259
75104
31896
14744
8608
45962
25643
87345
85835
63911
32217
75277
85758
4570
37080
66230
33235
6806
23612
50026
52037
46474
49682
60314
65445
82362
33647
29747
78216
77450
54227
19887
38236
70851
82210
82936
65087
546
19900
37770
33712
22532
64237
29954
72156
19054
9742
65962
69780
46419
14773
21975
48697
481
80542
39814
81063
6360
17944
34489
51012
70791
52178
84156
80506
70906
9449
64991
84702
22422
84125
72222
65681
23090
17389
83851
60515
58089
79516
40504
22430
36033
1332
36853
29407
46236
10049
23599
42046
48773
36609
29749
47658
30185
85968
62757
45946
244
54341
82877
18303
20843
26348
22014
16886
80704
71120
63625
68106
21168
43572
43713
28018
59965
29155
11939
87603
6635
31714
6449
43165
47294
61390
2915
50680
70154
36077
8786
3507
60425
8066
24006
13950
61380
21833
54451
82685
44236
7964
44276
55472
68976
77324
68316
69197
58554
62837
34808
83439
24401
6022
74281
39552
48851
51377
42148
33712
80777
29784
50190
72918
60029
13440
75292
73459
39935
76268
63255
16023
86344
51201
58865
85999
81224
87586
39145
39209
17989
32160
34304
70545
20425
34675
22759
70296
60871
7927
19493
30022
34697
26170
35246
18233
32971
58714
83558
85468
54902
58375
36334
56720
24572
29960
74831
13271
28951
64172
82238
51927
18156
25555
51150
40865
3540
10615
28074
15650
13189
65660
87305
54875
35702
58872
59880
3452
15872
80604
65579
82858
18626
79101
48271
53463
79440
67011
30415
7330
77288
27042
84218
22292
79782
63843
48691
48621
27320
65514
61814
58712
53852
86026
49777
52254
64774
5375
29022
10683
45413
18228
64687
40497
31491
2016
71316
70817
78362
593
27208
30995
86568
39870
15876
17609
43259
52234
60371
42905
69210
26891
31096
34251
55201
52579
59486
74553
12432
72983
79553
48157
19330
23579
42752
21029
76817
73447
67006
85912
86645
19772
53014
22462
17093
37022
59950
9181
3795
31822
53908
45621
51264
48943
84640
41782
68437
17955
79158
17825
47585
82383
43027
21363
35817
51365
41497
17185
64150
53698
84279
58591
22021
44900
56536
37853
26793
2711
25963
82300
40097
83984
53097
64673
77939
77294
80841
28632
6912
85172
61491
8665
8838
60363
50250
854
17684
46041
6261
79427
9038
38352
24571
38921
9816
58664
84341
31406
21125
24141
25322
39423
4857
50617
86717
49125
84616
57882
55752
6327
46018
82582
30000
1374
448
15056
8182
70090
67227
79960
597
40011
86208
58447
75767
54434
43814
10269
20007
29201
24656
72511
19796
33403
84536
34463
40258
73331
27029
32125
53335
81874
71299
19924
40092
40710
58447
14391
28527
58137
58984
4915
65497
5340
50922
58691
30170
74229
86326
72161
29121
87204
80639
80937
80313
43532
73136
30473
56454
11228
54272
71098
87251
191
20539
81571
52714
11859
76165
33665
75125
16598
62557
8572
31862
11569
27595
12659
4479
22011
83402
7823
70082
87581
38278
11452
68024
75683
53365
74775
21438
26067
52134
60853
16782
68286
79559
69384
22351
33971
80998
10182
8779
80159
51196
69249
20692
19743
65660
87715
74031
85012
65491
24969
33909
40858
10255
84059
36154
4714
85545
22328
28885
62368
14956
77076
33387
59399
18705
18358
44226
71257
45728
48061
17325
3145
52569
22514
74565
75796
64567
14342
55168
35455
33427
72270
50155
71137
64210
56194
17635
71272
53792
58493
14881
26315
22987
69825
42445
42171
49276
5146
59553
52933
82923
56310
62247
72594
15206
32400
22941
38389
35546
61878
74319
21101
22957
23983
55590
75425
5602
9729
45237
64262
44895
43062
52916
30250
21418
76254
81069
59312
12282
16424
66372
64915
46096
70408
47124
69301
9011
39225
8398
43949
11680
79538
39779
18452
55238
29140
34683
63419
35918
44249
29208
25093
64964
12654
80684
1267
53511
40154
39729
31633
13614
70820
33819
30550
65357
50450
77300
18413
70009
61211
10967
9121
69202
61892
53079
85236
60033
57581
53130
69816
48640
75523
71420
34821
74632
80934
53678
78263
19312
49211
28629
83586
3811
13183
76540
81257
1579
79970
73915
8161
28227
56089
15315
87620
66760
18955
12619
71437
34207
32331
29061
66670
84353
6038
52215
85652
78976
65468
17414
77147
52359
68774
7863
20639
14302
15325
59911
20856
28577
62375
33190
4272
82592
75589
35249
7569
76332
49620
54098
58886
55918
8006
65094
43969
45829
23228
16353
68208
27644
66671
14785
59830
14877
1267
10003
28180
52878
15911
6634
62341
1121
31001
30237
41019
75752
75831
43065
41943
3306
61847
25346
55703
10472
30339
846
81799
12226
41929
21999
13277
46033
37626
58216
29947
12368
42581
10918
50878
75954
31510
66229
16853
72036
59090
2985
54863
29038
66869
113
9659
46838
59907
44776
21003
6575
49051
70205
1478
53073
75261
2266
49429
64230
66409
1134
36561
8695
10081
79557
40122
253
78278
86731
5424
62806
55451
64199
37918
49522
31162
39844
30120
83688
24846
68356
21934
41597
44781
27379
57198
83912
63906
48791
78560
40323
80861
51908
41736
78854
57491
78371
35756
18098
60102
41463
59541
39334
32298
31732
43514
11295
80667
25517
13426
33823
10151
65602
72805
53054
67513
40566
19780
79672
67716
18996
28985
38466
41509
31702
70567
57844
31894
60705
79637
4229
28568
7171
46824
28946
4283
80868
86886
57620
58740
64582
75842
71412
12974
6199
66005
56482
82047
61947
36719
66724
19187
84382
60398
80190
49937
81277
47054
64326
64486
80126
87724
23919
23519
73332
390
69891
17159
58676
32197
41568
30065
171
83633
60928
44659
76541
28949
19766
57198
75477
79685
61410
66603
12253
55545
63629
11324
58922
64788
61963
10790
44579
63187
812
13026
51769
72263
56687
78823
58078
71948
52192
3788
36100
11542
24198
50333
14106
19144
55568
58336
36952
73248
7574
53828
68407
30908
16512
33545
81783
33447
31380
30871
75061
66160
8546
81217
84322
70037
56354
56191
75798
2477
31015
5075
21824
5909
16956
27464
72842
65459
86328
84925
8854
82582
39075
38220
83010
84547
51860
43284
43260
67211
74369
25794
44772
85859
7521
40732
81668
67773
85701
83515
84814
29110
65167
42877
78952
12791
60246
51211
9741
58529
60605
53559
47500
33853
26988
12089
33880
71407
9808
62758
56672
79098
35336
46324
19097
58157
44804
5680
46541
43069
49017
51975
53934
12489
33052
39231
30679
36669
34352
49288
19248
48153
33188
43182
84089
21323
59985
81100
71272
45213
65262
16511
34900
33082
28571
56534
16890
66102
3361
65414
54371
29724
60564
40173
16182
5541
41406
33025
77663
79497
85046
49098
70153
32940
33896
45613
39614
31806
12800
3970
4194
69778
17247
70214
28432
85389
54945
15726
65374
19211
35699
81937
11422
47482
46039
27857
11349
66334
85436
53967
69598
11662
36184
77330
59862
57178
59431
18714
33752
40214
4607
1185
13194
36637
76105
27313
25319
16608
69054
72764
58500
51230
47282
64887
22957
11969
78213
22651
19518
53224
27079
47295
70470
59318
24155
51558
69313
75063
53275
32393
65752
60537
36688
86454
76249
76896
24827
23201
40524
10135
51914
55113
17265
40862
66694
40446
22374
69964
80059
45909
50674
16450
80442
14416
8745
56503
63986
36924
74327
72817
1869
15583
83654
51488
17672
63901
28848
83287
51775
48583
71662
50029
61871
23006
73032
57651
49148
35293
68614
1418
63135
23824
79799
53403
29568
27463
3296
48393
36726
33525
54520
13994
44870
20882
77367
81117
68708
47292
7405
26513
32150
16341
12309
84489
38394
84447
6467
5016
12972
27381
16362
51732
79596
27712
77335
71498
31556
51155
63439
79622
45075
43632
68116
48555
59253
46800
61869
82082
73819
38844
64415
81625
55310
77832
56093
5756
84133
84709
14549
24399
39204
69152
12343
84129
50350
14715
40121
44765
73942
56756
74619
56623
81515
51125
30102
71406
31582
36476
15623
85741
822
29329
7984
63631
65716
19269
77881
20930
80184
79590
47896
51475
27053
54998
32871
20003
34042
67644
63486
50254
31753
81797
20012
55433
9072
73236
48149
2103
22834
78872
43850
85603
3102
60280
74185
26032
52056
87409
83585
82099
85306
53054
432
65538
42693
76055
31912
33112
46115
11302
34798
42049
67818
15665
33464
57588
43560
36982
51903
22271
8270
57944
72868
54932
31984
34216
54398
84821
40121
56078
48965
5513
55290
73434
59511
38331
13802
26907
3972
44013
74646
44376
28111
61220
34742
17624
32227
73693
67382
19239
73284
78319
60870
46254
22649
9394
83069
56668
64621
73457
10528
352
75954
3032
3366
64914
13518
51289
52034
46899
68198
67789
87901
12322
23284
13135
54199
46365
70128
32592
48044
77087
56055
75095
450
5063
84533
31945
3554
58345
72584
26865
51936
63013
65801
52029
7288
71071
70407
1962
7187
71695
25004
52573
24535
47364
56857
70088
48910
57844
13280
29647
65763
76782
80488
80628
7414
37513
83110
75548
13213
44299
8868
11442
72875
83371
41746
31523
45047
223
61129
69752
40599
58908
34759
70641
30199
87314
49608
62089
29507
82326
758
16115
66198
62985
28149
21186
66839
78217
50754
4951
5136
4527
12951
26773
27398
25419
38865
4293
79583
38819
43589
1384
32649
49170
77428
67573
36399
60018
82675
13977
83830
8308
68058
69263
86045
49654
56533
40163
38693
16716
74415
79969
2785
62110
15015
1711
69372
3479
53123
21556
35609
85894
82707
9373
80981
4364
57751
57650
39293
81815
42060
44537
83463
33589
62538
86526
42106
22310
75274
77770
62961
21612
71150
84237
83067
67802
66691
11871
50414
57182
50112
67650
28803
12855
79017
51511
72256
9207
84070
57753
35211
56765
5621
81817
641
70859
21985
45063
53590
53009
48932
24432
2081
74872
14846
60251
73056
29804
67071
34953
23661
75269
29030
84445
40544
47008
29027
21862
5875
75981
59568
50747
79196
36507
63895
33934
63610
74730
45850
57054
921
9369
66268
62993
76981
74640
85767
47448
80377
31223
64793
47275
83296
9597
67269
2330
1466
8407
20141
72804
24385
48351
13226
61022
49499
72234
30337
27699
33920
32990
6074
14236
78332
82848
78636
7874
9236
85978
46436
24735
33619
8714
59264
47537
40999
15346
41847
80895
52863
53437
36784
30515
50595
13678
23347
38536
229
46283
82872
56625
52632
30644
65829
3960
22145
32662
11141
71979
69593
13420
25925
69885
50103
48948
49230
13557
19843
86169
78748
79665
42436
11704
9095
255
4019
20341
75560
20858
59904
67124
53052
13371
31726
61578
18947
2997
25256
34881
10560
14378
18599
6534
20347
31402
34338
49590
70026
63529
24501
79113
74693
1887
57127
33663
13068
87841
57842
1392
53992
17817
71819
21825
62734
24761
33661
26696
59346
85701
8811
41478
574
4778
51891
58672
47450
42965
3510
76880
72450
28040
462
66930
58776
20074
20334
8404
34836
73323
44338
25788
87969
55436
33492
78471
66334
82010
69919
39550
8112
70339
23310
15979
81843
82385
48461
26311
21668
22622
84016
26228
7618
76016
45433
16520
58707
381
12967
31322
37171
85813
13678
9864
61390
37792
6776
23399
6602
26776
83948
3633
25240
47954
67742
46543
8962
16654
56166
67946
48215
9695
46928
72031
66260
47913
80922
66801
86162
11399
12505
36534
61461
77332
27211
8432
51122
42038
4575
64046
78277
83559
71507
15755
9488
10640
3855
55392
79790
75185
69729
15073
13446
40067
80354
31991
16202
55910
79273
46268
3610
25182
46529
34615
56544
16745
2191
2220
609
49266
18615
5434
77475
61015
3411
41024
13424
55290
63806
78034
54397
19735
19374
16428
22190
47912
48621
19498
28328
34279
30245
12097
59319
11135
2526
86957
52408
20144
49753
16364
58792
48533
58651
32078
38808
35609
5965
60604
11718
55041
54180
18194
77723
84678
54086
18235
20262
22655
15915
85540
33082
8510
48787
25675
919
31303
68941
59073
38743
56697
28300
61242
67067
16846
36067
3197
25768
84063
40816
26038
53836
74385
29001
30522
10129
76448
10037
33393
555
4773
48666
2117
31923
78838
12582
20038
29721
17558
7403
19370
52800
19781
80285
66061
45876
42458
127
12457
83914
38345
12191
31001
11557
44886
75994
56341
45021
60337
47936
47799
57872
56178
3701
87500
9322
6726
53425
48946
83687
51168
57086
80152
78193
47646
25711
28915
46070
84110
23668
28772
70030
80023
80525
63073
57163
12355
28102
74175
68287
59188
73439
66311
23888
20059
70032
14661
51893
52916
54960
27127
9753
26551
46776
64295
58120
27027
35265
69305
14097
22636
28678
84714
77001
76040
83970
39674
11026
86384
19518
33673
3758
69525
71626
50968
21960
80924
57496
29051
11400
34451
81451
47036
66344
292
52116
36002
14907
27820
38667
52933
72781
18698
2288
37118
75197
29372
43112
66731
56713
22128
8907
24794
79323
19617
24020
42483
80886
37259
66693
70226
59949
67949
31838
36490
7274
9483
43420
26333
48123
9817
28315
77850
81391
85117
78474
4322
62108
19835
63183
78338
33521
75027
20626
78267
13850
71965
24494
45923
11923
285
62351
63601
52378
80650
3911
44530
55013
16580
51710
1144
13747
47281
17201
6494
39635
40679
84528
73143
78828
30665
28039
48029
10012
5493
48890
17597
44166
35091
44440
30744
60822
32157
75172
15145
14616
52041
29719
38988
26960
68203
76129
6876
15168
29867
33425
77450
22289
36917
10839
51278
57837
41688
78002
46103
54612
25149
45623
14924
32510
54428
4456
3462
59828
36568
57008
18823
19077
6039
74744
6363
67262
65598
63642
48040
33965
75139
70649
38336
68693
48266
49976
65081
23907
47334
36913
51838
8134
14746
27514
56088
39144
42790
30512
21929
60125
9439
42941
19905
76657
8719
53200
66739
82253
55001
15011
59071
17736
28366
78600
80184
84773
72398
68055
38038
34993
86501
62711
38616
64186
62685
27689
65765
81005
23840
14933
12791
20178
82973
39579
86899
16853
6081
11730
19811
61396
28963
86120
5016
2293
67404
17331
76543
58318
34590
85226
74962
19597
6717
82354
5767
62333
10479
77445
30771
44328
40302
79153
12330
2063
47318
22760
16852
17941
72429
52374
15488
12018
1421
45531
26820
52281
10458
19385
79413
24349
53503
66007
25511
52961
75728
50287
10332
23766
42797
60647
1140
42785
19209
61649
79928
67007
13017
38342
68820
46071
26228
20726
56416
22851
78198
83688
83592
48453
55573
19399
57419
14429
54824
62457
29040
77884
34071
32041
83018
55592
72425
3091
49609
42310
85155
67237
22801
82672
24053
3015
52530
47300
77090
15236
20313
75086
60588
7885
82367
4703
60968
73759
71698
39681
25435
6817
87431
13389
55203
14597
78943
11151
57424
62908
24486
14535
16069
50156
24011
56698
50823
33650
14535
12178
64363
65296
34977
30302
73409
1414
73557
36001
79362
31731
16565
36833
22680
83069
24519
26951
63500
32853
55689
9069
77342
17214
62621
22801
86254
38648
45473
43578
36078
65044
66824
70268
57060
37563
27381
33360
27143
6945
74113
8
36127
180
20608
48532
29012
72750
76510
14665
47294
10829
58652
72167
44477
62681
38125
50485
24974
9105
55928
57241
47013
38410
79047
61600
41801
39391
83395
26959
27885
81602
23940
65431
83364
65121
62317
2778
10439
55542
36376
28425
87808
80266
54376
22696
80074
87500
26658
86245
8598
77941
2086
14413
29545
20510
7005
64269
45638
47766
189
51079
5
77584
67179
50356
66365
63481
9143
30684
30648
21356
61005
27057
71294
40463
9763
16068
45106
3224
50803
67605
21324
60018
38297
84657
68972
41072
19066
45634
28475
41701
4297
15820
17531
44694
21037
56554
9804
82868
4949
85529
65308
14981
40710
5536
62299
63169
52790
77853
50414
1830
50043
12262
38174
51313
79615
18969
29657
22990
83744
15234
81960
78053
30437
80722
86968
18830
55516
42032
59768
38892
3863
10685
45285
20935
47690
47355
77329
14271
78562
85506
80223
13289
32916
15580
44418
40683
1204
73913
27963
54066
65526
62002
75041
31401
85253
63776
13655
26436
58466
52
17187
49742
46697
65866
8254
71018
16770
71475
68751
21431
44265
3852
11764
56537
72198
20098
61657
62602
10698
2281
48814
35966
1916
39205
63378
27477
54702
48363
87953
62850
14831
81763
11989
15127
67923
77789
79598
54960
21134
67825
62456
22163
4353
13726
541
64906
77857
46152
49440
6411
11446
40545
24132
18209
34397
84260
15735
74208
67482
7415
58819
8621
57402
46119
68400
22420
3644
83520
10099
552
18281
318
35540
63533
4830
78796
62314
80357
83428
78477
78891
3743
55
57430
56577
35117
38595
60526
31605
13182
85964
86861
7083
41936
25792
59013
76891
75875
61259
40615
33717
37948
41768
25085
16833
58286
68730
58201
49107
23570
42373
9243
74615
45771
38043
78639
63202
39244
55259
27084
73331
68299
4120
3993
81678
85951
42043
81415
72656
22152
38684
85989
15953
53599
19811
2249
9939
18003
4582
38166
69716
49105
39937
35575
84867
20814
75229
70393
14414
55776
78160
56120
79467
50645
16447
24257
57975
26268
60556
11066
35708
78353
72283
70718
61605
79821
34807
79059
62687
40825
42348
23392
63283
49027
37290
26659
21959
27238
34349
38665
66901
3965
13455
36472
56722
48670
11440
7787
8154
5206
20576
81435
40189
64345
15109
85557
6045
58494
76930
73098
31277
5790
7663
60084
9783
31621
84005
44907
54745
17978
56474
41034
1156
32000
86286
53272
14022
30906
84885
3898
21103
62373
11279
2683
54531
29489
27772
47887
65159
79157
47061
46963
80540
46397
64436
12834
11885
37820
77835
80426
64903
7274
65237
35058
44717
73662
27198
65082
81302
80519
36338
18371
34834
19770
21139
66313
49191
51238
41098
72190
52840
20351
1074
62914
26136
35946
12151
70381
35513
63177
80798
41949
28177
9166
76637
49498
57482
21539
54471
12908
75177
28922
2072
20865
74829
73901
24528
41480
5631
72547
73559
30562
31765
68073
77027
65628
41856
44750
73298
12638
84551
61614
30569
56522
49906
65621
56251
42129
78162
6487
12795
31507
3774
56830
48769
1264
31245
69817
83946
22707
54781
55446
12377
24051
23215
50282
42629
83286
50206
81263
59017
9312
49834
12081
54704
87416
49021
74384
36478
18908
78184
1947
83991
11626
24207
75633
54733
20750
10846
53544
43565
34824
34472
60599
65506
24371
18811
15892
3479
30756
56245
83030
30080
26164
10189
43265
40433
33308
6019
33758
19793
79506
45312
63909
21544
87780
30190
12376
37064
85355
86836
9712
72450
1783
77555
36522
69886
79904
28473
82732
46441
18942
30650
26360
68991
6093
9310
85394
57423
33208
42123
10193
76920
26617
52758
21955
71000
33548
139
78913
66883
64978
53390
85412
36
7206
74275
47784
18876
2693
29188
74162
16149
23890
74817
36478
70645
4820
76585
71847
32372
17794
81537
6514
24091
71125
68114
11770
1048
69869
31386
87574
84453
48737
51466
10938
39846
19752
27311
64256
85673
61190
39053
36725
45760
29024
33421
59567
62653
72447
84066
42476
85522
28529
46804
62979
73166
13051
35077
73236
7124
74839
51999
7082
61221
57154
16767
85945
71305
65616
8453
71225
39778
82582
26041
71463
11470
32671
60177
53283
42018
48763
26479
20507
6337
31352
10815
48031
81431
53837
59495
57139
59198
41697
22186
74661
76694
24316
28034
50185
41127
46912
30750
69776
61326
86647
49158
87994
17577
70405
77165
3295
66399
46465
49941
52468
36469
70972
49742
20470
16378
37314
63299
70318
22948
62189
58633
73498
30338
85234
66813
57909
62306
85488
43273
58095
6623
2830
36743
69976
81821
13390
9784
48610
41015
62378
8652
7704
17378
62342
30868
50243
83267
83549
72858
15977
20935
5699
22180
75180
74107
69239
15669
18862
51729
30043
83559
50255
75992
68958
70161
16470
57410
29544
47153
18709
63825
38659
12936
51558
75398
18968
75217
69595
77070
44477
55009
79524
68737
57380
62668
57794
76917
65169
61603
48394
37089
7396
85113
62396
81694
51099
58209
63472
17414
6941
36841
87211
67017
24334
22691
9126
17234
52302
33195
41263
4257
33993
70523
27081
48563
45174
18907
38501
78108
1379
68956
776
78077
36878
72326
15221
19984
72597
17241
66575
67365
75378
60081
56666
74552
46518
72481
22455
53236
39873
83004
21931
38516
21342
59955
63190
66738
83086
58241
53548
63941
30118
51265
30739
34576
71805
55128
21837
3639
33776
37312
37482
35992
19051
80486
72901
46465
12671
24124
41857
72134
46520
71356
63217
53361
11763
9103
3751
24257
66619
31553
37157
36487
77669
25683
37757
55140
75995
33369
44852
73806
61090
68097
28269
42262
47695
47444
37902
72257
73908
71989
42467
68529
6828
29507
81593
7593
35682
6113
45222
15360
83028
57086
31396
67923
62101
52501
55422
6854
27655
31460
76876
15188
8223
61633
75064
16455
30605
35264
87171
28950
48576
22647
56332
22406
16487
87214
49486
61119
14229
23980
83765
65855
5392
32001
13721
21008
42962
36875
29828
61163
38404
82293
87571
51327
3217
73207
21907
20152
41654
16785
58397
12988
23028
46699
25497
15266
42193
44743
45152
6872
86545
13216
25924
85085
6625
21315
61209
48067
15294
12622
7141
15780
2647
9831
83416
28475
70814
81479
25083
87000
46558
43439
24702
60516
28398
40445
21046
66679
28843
10354
34598
14807
37734
34309
43419
27894
70310
26702
55669
18351
69283
23945
82609
4521
73511
48672
44679
77407
39072
19205
28572
11821
27340
87470
2156
37968
49320
50554
7808
35226
39400
62048
40468
77382
22954
58316
34738
32072
39571
38473
36600
27090
19037
2979
6005
33752
27843
40688
6321
2601
21647
2493
64434
36848
63434
26901
29281
45706
57088
64874
6541
39306
13365
29893
81087
44076
77030
28639
32167
75680
62904
49711
74566
73529
61139
35824
9908
40183
5687
3505
69569
16002
27125
6493
67728
62422
62640
34315
44476
30763
33297
34544
81429
67530
53776
82699
77404
50066
80126
32201
64372
63105
77921
21470
73070
62461
86334
77243
81055
37000
77135
48653
70197
83183
9664
22460
10116
24864
11035
5251
8842
23923
61125
33934
83829
42575
77324
86652
6879
15190
29092
5139
83270
71188
9429
40493
5870
41413
31982
38003
60418
80897
23403
1436
5589
82818
63390
26462
294
11380
54370
70727
13327
62269
64507
10868
57066
57566
74917
85884
36467
84895
41516
46275
16172
35906
45575
46601
17824
27310
41100
48941
59864
75164
43620
75580
46840
58781
32399
34670
20327
675
34023
9718
86372
80085
46410
39657
21222
81419
17870
7008
42810
21267
33817
77864
45816
40810
84544
7722
49107
60396
49379
18228
16145
30583
11444
40259
62396
53325
20847
35555
29072
68322
21317
33097
26214
65707
7699
40781
45348
76726
76928
37591
50671
31673
23495
40325
64766
53439
83759
39425
64124
11975
29471
29392
25723
37986
77882
8602
30248
12132
5876
62355
60713
72527
24620
8000
87183
70285
63572
59885
44781
61049
76163
17704
20599
55080
72260
26935
55963
84859
60346
39274
83837
29836
74286
37011
3023
49974
86706
22818
12440
58512
50598
50299
17580
11010
59725
8180
26965
32193
81365
61000
35860
67068
16354
72909
4759
54248
52332
87971
69835
18815
77529
938
25502
53469
13360
8674
41639
68681
53259
84075
22853
84087
754
63423
4452
54663
18384
78258
26001
56381
53450
86099
49757
51274
11898
10486
69133
38370
10742
56243
5031
55637
40683
1237
25033
56343
7231
69970
1047
8693
79696
179
38889
52624
37007
78264
28356
19778
56830
30223
73441
21221
74873
31015
56139
64805
82810
64502
25675
65595
27507
45840
2151
51438
50584
36888
85844
64384
9744
54748
12157
3162
47094
38757
49143
32419
16371
82099
23310
12689
72087
51374
48752
84484
11154
57451
17559
62096
25580
49390
52259
67152
661
49793
39741
82486
69394
9005
71389
2176
27380
50302
49153
76376
59181
82781
74438
24121
72550
53413
74491
63673
21402
4645
37343
71482
38217
73023
34766
79970
14462
24594
14246
9754
638
12239
27517
1361
80950
54798
11927
36614
78090
41351
66386
18599
25560
38511
2080
41064
62537
56247
50648
52252
55320
63189
35890
30076
74007
43677
18574
81967
32059
25940
41744
6360
83836
20701
21742
57590
79062
10657
81041
35225
48672
69393
81763
30528
52430
13659
81692
48212
55834
36730
22680
25609
24092
79992
37666
18314
80912
74231
79045
73578
54839
4705
57962
2620
58926
20282
40723
8048
48294
34424
19181
10827
64950
38785
57655
51304
11330
80486
24750
46240
54725
44977
46616
66811
54644
9612
42183
47999
68633
68770
68351
62493
46254
46955
54036
25316
19678
18407
72280
43881
741
5949
71009
49840
42803
37776
75035
11694
55863
27534
56567
49468
87391
18221
57031
42193
52342
23896
32060
38204
85693
3133
66832
59647
20662
26291
779
42043
50414
34510
34412
39750
34248
22991
57245
12140
58326
79843
52563
63437
66129
31704
58807
20431
71469
138
3178
79518
39021
46271
47056
28284
73508
78338
65214
65347
83986
60194
23351
47084
62055
74280
72140
12695
4447
18489
1053
5218
15302
63687
57316
53487
20023
24519
17619
80427
15968
17476
48418
46291
49453
2775
85178
82895
32087
20397
10904
13529
85835
59994
76386
2221
4907
74106
11443
85153
6758
70853
80296
28474
82324
56742
43062
71797
82367
34837
73166
25429
32649
85786
64799
32245
34459
77744
60743
37564
11584
54302
85051
13010
73223
38850
44589
52442
75193
23977
22488
75211
28058
78163
55019
59653
3458
16226
11757
82374
59235
73844
30864
67185
63004
51541
29606
58478
36929
58307
38255
34149
21415
5444
25191
67623
25089
71029
27422
5647
13030
44672
42258
76278
48519
51530
14749
3747
63035
73863
33184
41263
54188
43543
50910
38672
23158
77733
35360
11588
51110
71236
56513
23620
44765
25347
83196
35542
52768
67545
45522
52885
35187
32336
86829
84626
60557
51903
50220
1797
62604
11351
77816
5231
72772
79636
29108
69859
29675
23097
61118
70804
1673
64573
1976
87299
64955
85455
64477
62910
55511
82542
25532
76163
37827
16986
35451
15542
68467
50461
79696
80070
851
67304
49040
26981
51445
19076
44520
3219
74351
52285
46205
21949
66255
42709
68149
416
85152
18359
86270
36849
68873
18034
205
67613
33353
86854
45432
44764
25605
45923
52337
40691
10211
60206
73918
71440
76644
54816
86214
82605
879
79340
26138
29122
25075
36993
66859
3074
12572
53094
79681
66404
82398
78005
33917
29072
19993
49001
64517
7531
85277
4967
3696
58440
86970
80270
82847
84884
9743
68803
57081
77378
55628
72316
62561
76072
68151
662
84823
77662
61498
12885
19304
32528
23286
77222
35647
72384
71473
76527
83804
5413
28354
64571
5236
41248
39976
71822
48550
28031
69634
31685
63186
55486
66576
76568
38028
84828
53975
63561
16979
54059
78395
40031
13919
38636
37634
34735
69465
65439
51472
57597
70123
30050
36400
69497
36492
63065
66364
45324
30781
36862
14935
85245
75459
44569
14175
6925
83584
18213
24183
17486
86961
26769
13932
68048
55767
45896
24892
50734
31189
11425
31139
8219
39606
58177
57435
14431
86935
13926
35072
7102
60812
58531
46061
47589
55375
6910
12002
79293
19960
44225
27213
86830
36214
34527
76399
82298
62718
15665
294
60331
50265
20150
24142
50438
29587
54013
40707
13823
28278
30852
33420
22747
45936
76846
25340
11127
43166
37175
30151
27361
9406
27273
21910
48442
20117
64849
24508
29123
55470
31349
22455
86725
70148
3765
73092
9180
87939
14890
55918
46792
25839
19062
81039
7531
36836
4290
36987
79283
79764
72041
68764
59769
84736
51990
42619
18773
30688
74447
78800
25221
68342
85034
10330
13384
53809
67021
16514
60944
31138
60513
21022
20566
15780
67793
1295
11296
87415
21301
36771
5411
51589
18889
40167
29703
45250
19575
27752
61611
5148
5154
36557
8344
9356
15655
25473
76745
28801
10367
6715
27836
40103
61062
54958
5286
38838
35998
23050
2835
43254
36006
23496
23607
37293
8533
62744
31828
75666
31264
2945
15520
31016
8064
72941
42082
83975
12439
38948
61370
5193
79060
29744
45101
7962
80173
21886
33542
54209
23518
85630
68041
7871
40801
26816
43396
32283
80814
66131
28577
65155
6125
62563
80899
72734
9976
52259
33155
46320
40962
1552
65423
60103
63993
23864
44290
12182
71888
52102
79077
8719
40443
6249
56400
57770
44454
49098
55849
73766
86490
75061
30065
38039
59483
7755
61914
30706
41123
39383
43546
13519
41792
55777
73799
50038
68578
56984
80692
36553
47278
73653
40868
7644
61070
34164
44825
25092
50497
80637
42794
16057
6459
154
12994
37449
43364
32904
19339
67945
37366
4704
70949
81076
27339
2053
73877
31970
66974
35142
4342
24307
43545
60509
69344
65531
21718
84168
78649
75143
18902
8936
53326
22454
72497
8165
31020
20293
73501
76544
27672
82544
80675
37008
18584
27267
11480
17539
5913
15361
6841
15603
71371
49047
84269
49224
76399
29877
81319
87441
33896
83565
55740
79405
86733
62877
60993
12392
33934
51521
4633
15597
25033
59607
39115
17831
8017
27114
29822
53503
52026
73919
52044
65117
10054
31382
59744
44843
65252
71996
6324
53978
16435
14780
1760
20930
1690
59118
59555
49246
56481
33974
87918
26982
23503
32846
81353
59644
27678
20528
66651
29040
68217
6234
85249
71783
43051
82427
932
40231
61945
65370
37601
39066
31010
86357
77713
32060
69960
55147
46138
19354
48520
83736
83686
10161
74092
19718
27722
87565
82301
854
9902
73084
4279
87258
51600
6975
11275
27933
85230
35270
61888
49167
56006
55147
85649
58632
13795
21102
3144
64755
45907
14768
4960
69148
73692
79422
41361
69152
73465
33587
74560
38696
3256
14350
33484
969
69963
79890
46449
2441
76423
36085
63342
63100
41425
74614
15066
41241
3592
60762
60051
10375
54510
38574
45755
83738
20356
32252
62541
71639
52990
83285
86439
63976
48579
56421
70696
4308
23656
29593
43822
13215
49043
57319
42986
65412
49023
69723
71736
65623
86801
81024
2111
458
77129
8717
24561
74213
4090
13581
71866
53636
40638
40233
70232
32830
12319
78278
47658
69307
24348
62840
61648
3199
53598
80272
9132
44185
62403
53837
20057
32261
42341
11692
44871
66311
11452
12180
56800
50836
54159
50863
20677
77355
3906
29815
78290
49925
19273
83377
35381
68594
38566
67534
39483
50607
43137
9463
43515
69739
62548
47212
1840
45566
60670
24358
13587
29397
79296
38199
51885
83301
21434
75099
10450
87952
49787
53003
31222
52375
50443
50073
83341
70981
28249
38541
87320
73413
2427
44016
12866
63957
57627
68482
23529
23306
48712
77364
65372
43708
57185
71626
84328
45556
55400
6655
75942
84956
14887
74187
41683
72893
47026
76560
62237
37947
81896
78822
7353
80201
28867
33141
85286
43092
53137
85701
7733
2379
8819
71741
32563
86441
84666
39788
12002
68971
58039
61270
14284
59206
3875
75767
73766
23414
39270
2983
56045
69641
5403
39352
62299
52395
70220
9538
31045
39714
85278
22073
47548
67054
41402
45076
77300
76189
10544
22667
53081
76208
68083
82047
43088
79081
40209
76260
54764
47791
7815
9198
8078
41492
35607
72092
59173
40055
3898
69557
30684
8321
15926
49562
86225
24817
72807
81101
50378
77428
7200
82860
4863
44929
55601
71637
76505
18381
82755
20464
36715
86725
39618
77803
2069
23123
32690
54927
24987
13247
40732
46815
14892
2227
65200
48807
13661
19224
81738
72797
28890
29235
21871
28445
87200
53529
65839
47208
81283
30347
59478
42777
33308
36805
42074
9123
34579
59046
552
56188
24536
60867
28731
40363
39409
59575
44271
82861
7829
66166
75305
5719
51814
20414
69455
62017
35263
29786
62797
58330
61927
59576
69176
25827
87313
57801
71437
63853
43740
56471
82469
67717
14821
70156
77902
71406
38650
38541
67328
31025
64530
32086
26743
55120
10085
43917
83774
17085
23335
34056
1925
6492
64685
65965
50579
37310
74064
17229
58694
67751
20702
78444
56343
71848
6654
3206
25934
24769
15624
52331
66798
67676
60712
37321
19970
59765
44632
55008
85493
25927
41585
11568
49125
71987
61240
71455
52979
6570
76930
87703
80362
16695
18980
16946
42452
81843
84807
78635
54646
52352
43428
27992
63757
60563
70312
61796
32361
13661
4394
35240
75861
69498
74484
73472
21207
41299
19145
18830
14118
42673
83016
65087
24146
19787
63445
58765
21843
680
58732
79883
34030
1710
54260
58451
38890
45717
16390
31841
79478
81923
31002
43237
18594
54084
73027
15726
62699
22492
78645
36934
44945
4067
27606
40254
46415
50888
79746
7685
25564
40499
62526
30476
68673
56635
46934
54237
26999
66209
78705
23958
40185
40085
41500
53312
52377
44746
325
5240
71021
8516
25107
43179
78266
28671
73752
48901
64170
31514
25643
50277
71497
38207
12448
62790
1547
16041
32607
82406
82316
67400
33867
86463
12256
71993
45381
80655
42258
54172
45582
5671
44386
52690
19622
11473
46843
55707
1346
60570
15030
18900
55654
36675
10787
31027
54276
6334
7671
80842
85165
12687
7804
60272
24362
31214
33455
22752
48318
58389
66040
71933
80276
19894
16411
15536
9837
2406
49371
27359
34486
81494
83168
28844
44250
42387
331
19712
51196
81075
55694
41351
80241
50943
77858
6354
20765
12608
41072
46992
49071
41323
57858
34860
83540
35424
68883
70812
49015
18436
46638
82111
68934
85229
29829
54995
30464
43359
27338
60839
85658
68369
63693
17443
3492
7843
11282
12926
41645
15336
26776
55993
35549
69607
86093
45820
72703
6691
57910
8655
84322
26867
29483
72108
82768
42643
54725
27904
72787
23342
6486
49583
42277
29020
40127
65237
62805
45019
86676
41883
22815
40695
18563
66180
84626
49251
64745
21891
42239
15360
4489
45003
15725
85964
39285
838
85297
41953
59036
72271
12858
3313
85955
46245
3004
51730
80523
31892
53257
71076
32671
21492
30642
34176
34099
71090
16620
21237
62714
81361
82813
43729
63631
78165
38577
58375
81354
75489
40856
72565
41028
25130
24615
75939
83089
21667
73654
1329
13704
73387
58075
82528
328
2916
40010
56325
51559
15347
26137
46449
84532
36730
53200
42492
51407
2745
47702
21766
14766
5489
12315
58214
21384
19554
26023
21835
5955
53511
77297
73320
83355
41564
12720
9580
30216
56112
54528
49372
7197
71173
53213
33280
34562
79941
58126
51192
105160
113134
99660
115094
103130
128163
170107
169192
167908
171886
126458
162666
95451
107206
98593
122052
165050
98743
96290
91245
155570
93723
120991
165249
125392
117999
118456
143676
108564
131572
115791
165370
108986
108372
113065
144944
173500
128041
105139
95457
107404
171515
164160
93743
102311
114242
166368
171792
148521
128717
165348
161611
125495
120092
165159
92113
175504
152397
141263
138534
130648
98682
121457
162975
94853
173546
89832
165363
95986
114865
160056
140983
131669
156037
115047
122788
103116
96708
114389
107360
90068
116839
138194
95348
158395
140512
117984
150302
168458
164453
158533
89262
121615
100279
109463
172533
162209
92998
175478
154017
123683
94234
124213
135973
149097
124654
96922
150703
98825
149313
156085
106504
145522
90821
99002
96213
149504
171687
155076
172357
95899
120328
96299
102540
126369
120933
99675
154392
124443
130821
135111
105782
173249
137470
155796
148073
103317
89258
152316
109102
170773
93213
127052
121564
161433
128048
126617
147622
94228
161922
158003
141896
95104
146324
156051
94629
160206
111909
152972
149450
164099
125394
122086
127686
156129
134963
117625
112931
101702
112034
101961
95072
93936
160535
137997
171610
101499
108973
151155
172517
91654
145940
108431
98730
143589
140197
145368
171260
100698
105782
153531
116124
151492
94026
161618
112104
105782
163693
131729
122972
145173
137972
91100
118848
109668
128521
118349
94395
111087
123115
170344
168129
99634
123962
168870
110542
117109
104591
155566
119676
101192
89713
98024
160181
92582
153560
96688
129104
116204
108316
146866
134535
130799
152520
138399
149560
156328
163623
103435
132785
158605
103274
138697
90384
148360
126813
156636
102821
150729
164813
132704
167904
140508
158348
143780
109340
144416
145982
96500
88994
147210
173971
145969
151374
185820
242213
196728
214337
252964
223748
242855
197029
194855
225437
202142
228039
213805
189193
180348
199748
194499
253326
184981
234317
250125
259463
206819
205336
223765
219102
253803
239848
259625
182902
262239
218979
182399
229458
255023
239069
235620
231948
220834
212665
239310
221859
217099
222491
206077
186608
194088
203840
200469
251021
199349
238145
211754
206377
248320
213990
243156
260868
188977
240755
181962
231461
245400
181982
192079
189672
255521
176826
255005
209679
214947
210193
180817
240230
179237
251990
178605
243807
225075
246372
192783
227713
184469
260102
227416
187280
206869
241350
243834
239269
181154
257140
257176
206538
211788
235848
207730
189296
193778
205363
234932
249108
235487
191263
260758
255232
214376
233652
220582
179703
226483
261529
198356
222342
213404
206851
250163
225285
225353
297103
337308
330356
272311
324613
305482
301720
334467
304706
344221
311279
310079
309630
321117
299221
334633
270216
317223
328823
285938
327462
290391
342117
324082
343282
268466
336204
283408
350274
273291
268234
340090
330866
284200
345476
336627
291413
319142
265678
289389
271019
323359
290928
294616
286767
336394
331877
336068
281745
266061
271187
375605
361328
355497
429919
386663
360805
362089
383008
377614
433978
401720
424477
410032
423491
365862
407748
415744
421348
413488
377029
354389
422032
378736
385661
428775
403338
357591
362378
437435
422451
404466
378053
406532
369879
398475
429384
363103
417380
363637
439895
438780
395271
378171
379465
366439
410925
433856
390468
426965
423999
384683
413190
403257
398350
413354
355901
407716
431170
385069
425511
384255
392744
434843
404308
410724
435160
362797
421044
365854
355707
374136
387093
426196
362846
414439
424296
404061
359298
424180
379160
406331
385287
422778
406351
363113
499061
454845
446284
442788
482256
509968
476781
453670
466549
500808
476649
491313
447421
469997
513260
510697
486839
520997
511049
492928
476572
448823
464681
517587
524852
491179
493252
502025
448780
466966
521780
443870
467434
466778
492881
497998
498997
527902
455090
448860
443696
441708
476131
497104
522780
502566
500197
500457
440500
512240
491251
471854
496130
474673
504376
463443
459151
490013
458682
464369
499729
494494
511722
507802
527594
502558
453110
524710
562583
588865
583039
590651
564146
547250
581065
534451
535432
565851
568387
597832
534376
609341
575968
610409
528226
608456
562053
533521
564837
561934
587835
567891
576487
572799
579363
581263
542073
581300
563334
559319
591200
554470
619171
693052
660706
691522
697394
650907
674341
696767
773641
711831
730762
722370
744140
769796
728512
778833
794264
809342
799312
846474
854926
862253
878952
825952
953288
958446
920029
895426
933835
966877
966169
897832
890265
938080
923741
922802
898655
885593
908694
938732
967933
1016684
971239
1002992
980139
990336
1005807
1035744
1002744
1001553
979917
971642
978801
991086
1005810
1046879
989859
994951
989889
1000262
991436
986927
1021619
1026806
995239
1026440
1011512
995970
984780
988745
991899
1026802
992954
1047839
1050813
1042203
1045741
969917
989294
980346
968634
1011770
1032153
1050835
993043
1005332
1047886
1011302
980943
1029959
992000
990944
983106
1028166
1029595
977251
1030151
1005608
1005181
997923
1051517
1043684
1023579
1026383
980932
989856
1042391
968754
1047543
995368
1001400
968848
1050046
996460
991763
982278
1031864
1029066
1020574
997760
1049999
1006526
1023219
1027781
968366
1012212
1186606
1172851
1225561
1201995
1149784
1202041
1177376
1177099
1240670
1259098
1241127
1271447
1250062
1285556
1253736
1246977
1344981
1383455
1330971
1357770
1398976
1397899
1356243
1401326
1330714
1334174
1364932
1379463
1373929
1366274
1365110
1346250
1384439
1479456
1423035
1495987
1424227
1479895
1493437
1473230
1483894
1580007
1531876
1526017
1504289
1532363
1570785
1512232
1502390
1648983
1648563
1646634
1599378
1638335
1643672
1620302
1598877
1683025
1707125
1700465
1753817
1731603
1721972
1758536
1707998
1706120
1688310
1754352
1751250
1716120
1719122
1699760
1707929
1674340
1687187
1726266
1736291
1749453
1739840
1729985
1691649
1715182
1711281
1802191
1768126
1775234
1814967
1774221
1770960
1780086
1819545
1861803
1864600
1857628
1855925
1874796
1871930
1919817
1854457
1942084
1956624
1949057
1979090
1985467
1995373
2004014
1963889
1988973
1977380
1937855
2004243
1967978
1997037
1960874
2017867
1960857
2098937
2102025
2106860
2041836
2056913
2105945
2043449
2080403
2159304
2198140
2138035
2155030
2191438
2122362
2189837
2181889
2514825
2517595
2549081
2467071
2529051
2533814
2472895
2519020
2627667
2637219
2573811
2592607
2593892
2602984
2580635
2602429
2635516
2588530
2574446
2600465
2571666
2631434
2576158
2574916
2604845
2609159
2611768
2567415
2602520
2554717
2603995
2588027
2639185
2556500
2700485
2678575
2675446
2643830
2719444
2712938
2645422
2642705
2763704
2742565
2767592
2793463
2780113
2795664
2740032
2731720
2776483
2742505
2736522
2794461
2774178
2767177
2812936
2768836
2735775
2863146
2873151
2894095
2874162
2835081
2860946
2851964
2900624
2897128
2829716
2898764
2862462
2834438
2870606
2842929
2889431
2870713
2928636
2957509
2953591
2935527
2972484
2979433
2978320
2949522
2976332
2915031
2917260
2943442
2940898
2972283
2979098
2941557
2965486
2927263
2944708
2917343
2951418
2950758
2960669
2935632
2989659
2926232
2993815
3074505
3064745
3042719
3041081
3062011
3045972
3047864
3001008
3045931
3069448
2994438
3048941
3079239
3015840
3023792
3028265
3171398
3215923
3231232
3221031
3240624
3188373
3228084
3219041
3271390
3266742
3303826
3295399
3292725
3318586
3264635
3277761
3419295
3368264
3405643
3408831
3400541
3402930
3370141
3346119
3490860
3434522
3483859
3448312
3453498
3446559
3495798
3480267
3619685
3659146
3615390
3652241
3683897
3625326
3686938
3609086
3957813
3923493
3931661
3958108
3908109
3902697
3913399
3948848
4114886
4132823
4114434
4053861
4100051
4097677
4073435
4064786
4120995
4056015
4080869
4077155
4087303
4094581
4065375
4129059
4108887
4910757
4926381
4879018
4910450
4922850
4911418
4919433
4913750
4993496
4952378
5012975
4979841
4980877
4979724
4966892
4971481
5330058
5340821
5362756
5319664
5329559
5297956
5280281
5357546
5614167
5567469
5568560
5554689
5581897
5578150
5608712
5618460
5835949
5848907
5895969
5855039
5822525
5858756
5830614
5852267
5906852
5904735
5970038
5945403
5950005
5970409
5921018
5902420
6062947
5988519
6041282
6033520
6065409
6004589
6051290
6017150
6521643
6550599
6577666
6597463
6532435
6564352
6596877
6563649
6888219
6926036
6936223
6868277
6878473
6916840
6877734
6945436
8217667
8236474
8226818
8219432
8258684
8215440
8184158
8216625
8302529
8333455
8316129
8322963
8287748
8329843
8337695
8359150
8725877
8722471
8772534
8728108
8764945
8746739
8738000
8778595