24569
31878
7243
47474
66608
49362
86014
39508
31510
23821
65362
67270
15137
47436
60104
83574
18390
6132
85676
59990
87185
87219
78698
81309
54650
57126
74693
62261
37027
68744
55534
18244
15471
2695
60261
12604
31622
77040
44811
77140
36745
29987
86509
78002
19782
59026
7075
18221
19062
25931
6833
73215
62454
81316
33295
22897
26184
59955
45153
28459
26305
18248
63245
2245
63289
703
63506
48614
79987
26640
55925
47795
17541
26080
2158
50766
87653
36506
62768
47669
58591
55305
70459
916
48535
30515
76128
9426
72043
34953
4576
54737
258
23473
5364
19566
78084
68731
82462
81488
19772
56585
11061
62508
39986
29446
11439
12684
5849
1737
83520
6843
30037
26274
16865
46848
75134
53717
19418
34782
7278
82695
38231
87419
224
34919
54258
72130
87429
84991
84094
4582
32450
17756
73900
80678
18502
18450
78497
25188
39738
12378
71295
54342
13669
31684
14126
78865
19620
85660
1961
66518
43998
3604
50652
80494
10215
73646
81641
48345
36946
38098
57305
69680
25237
56954
6620
59655
11299
7121
70266
1781
11631
4442
38248
71342
21793
27017
3403
32156
45549
56174
10692
57799
36731
81532
70742
23608
18357
83046
33461
73434
33539
16456
15461
6947
23821
41966
43924
40887
25061
30176
2306
86890
60102
23427
6380
41004
84061
5228
20110
53000
64062
16663
40840
54206
60418
13640
46232
69791
53892
63655
30723
20121
42687
6977
81812
14453
27462
34106
39908
83880
11714
39421
48302
34412
8392
37387
46059
29751
41929
39369
67376
73232
12758
31532
60667
23236
4079
45139
15826
67689
4525
10007
83241
60780
19569
43358
51758
72450
59683
17073
24961
16814
57203
64997
51562
43479
83900
44127
1174
87722
33450
81627
75384
24353
80547
72521
87810
86780
16976
48235
38208
25665
34353
83703
43188
37970
886
22049
5340
55770
30506
80008
15593
47226
33500
46510
63848
53259
61271
79983
987
31977
62791
41284
76224
26478
162
80727
34284
25063
36804
21649
77230
25166
83836
28679
11446
35919
40661
3517
6398
55124
52216
20765
23535
15544
78724
28682
69917
34518
77209
54735
77575
11883
81049
48185
31296
65076
74870
57126
74990
2620
47497
37753
39596
75912
69774
18639
35242
11522
25254
18554
11349
56644
52350
22907
16464
83035
29573
37677
25749
82758
78550
43469
46932
3409
74612
28856
1332
5650
28489
26583
29753
24317
800
87353
14086
64966
82112
54388
35052
63813
43800
29637
42631
8079
84994
45904
29103
79893
36885
38123
5274
14964
35244
42809
30380
48463
58228
33170
18450
22462
25685
31650
39684
45756
73668
72056
22101
35329
28095
35412
70332
29304
30251
48412
21866
77693
66877
55379
54554
73309
825
74022
29692
49640
41491
7816
4670
18243
18767
32061
64543
30313
19492
54339
7944
18881
36085
55138
61402
83869
83400
27477
6793
15562
81520
55864
69931
67431
4455
3757
18512
69252
85636
38149
20554
19922
28011
75988
32560
37937
36623
8983
28715
76736
66724
66442
22965
36495
86609
50048
23652
14275
82612
23614
26791
59186
84862
73538
38651
42229
27633
61536
39652
70050
28795
53685
11731
65421
21495
10686
10286
26366
27077
39171
64656
42148
59508
31238
29408
70949
67443
53428
25974
12594
2697
47359
69582
67606
65874
51438
50667
1777
35188
58598
15017
82126
13069
47034
17783
53513
20086
24771
65969
57714
37850
22159
86088
70411
76569
5437
42828
43911
69141
72853
49499
5540
85644
41184
11753
76873
31262
41628
7376
42051
44961
79857
77326
75522
32001
81891
59295
1252
41541
25027
15177
4269
80076
45485
72069
18885
19657
48282
51248
39184
42233
21436
19761
57566
8420
3974
1661
56501
80967
80692
33307
57172
827
21671
50468
43827
39900
42387
61991
69421
78715
55164
26872
7370
2044
40567
53480
77011
10803
4636
27932
27140
45744
76807
25054
66092
38615
39374
22025
455
11981
39813
60014
60607
54636
15408
16386
36283
79099
35107
37701
70739
18465
2703
21993
79561
17126
5530
71440
8525
68093
8557
65759
43984
65397
32077
24466
48718
52327
65948
25969
28560
82236
2336
50562
59810
19415
9408
75489
57598
40250
42234
18201
28007
32712
61712
22873
14893
43977
26161
43817
70892
4854
33705
27858
36821
68567
21583
37173
52377
87595
52465
3354
73298
4600
3598
47223
22931
78542
29978
45722
31155
8348
64855
48881
82238
52446
49526
12308
9987
70600
16693
41440
5047
86452
21736
244
39722
27059
49523
43767
5578
18214
65353
6076
21500
61855
80762
63964
16238
40276
69197
41147
61260
31965
76508
44872
173
66247
28665
7200
23969
29144
71870
77603
80070
44807
64478
74584
78957
54427
50793
31280
85035
64965
51190
58526
67032
25164
6348
35827
35956
64689
63937
42381
31806
73557
25822
25507
39018
52168
62740
26029
20922
63788
39377
35517
26754
1058
49871
67291
47803
36941
51653
69290
67663
52980
66971
62368
24189
18150
68375
47615
86902
33770
53772
83630
77387
8549
14548
50015
76097
35471
40281
75805
4790
29666
19417
46239
62489
40107
18643
83059
2710
68617
30704
39588
64302
5245
5115
83736
78863
16165
61302
71243
50522
1727
15397
85500
54948
40266
33879
24150
35287
13227
61320
33495
36007
29591
3727
60390
47025
77900
2264
84984
85073
32251
6068
68359
20185
63789
44297
67937
64098
42052
80047
3959
8459
5337
32250
74330
86642
29082
72690
14161
73638
76019
72674
22450
79580
65924
55305
33563
65880
23939
26887
67192
45146
69514
25277
27828
76614
48616
22965
13663
8373
68149
6149
6949
39332
84182
40954
85092
9988
73289
21765
57835
29081
70841
43233
39690
47395
25329
53989
69239
42687
57220
14212
55437
76358
61242
5690
12404
84074
53779
87068
63428
34723
56586
3961
52305
67695
41520
74900
4208
24513
18109
52071
19287
81799
49705
75186
87618
62582
44806
70695
30975
26510
64076
5854
87693
16513
44526
30808
39942
11871
19564
20143
34404
14702
12142
26127
39013
51850
37649
54328
70313
80675
8546
41973
38216
85579
78705
35045
23136
34556
27597
84210
808
73217
23713
33203
32975
35709
69124
72707
43214
64169
13483
49170
48565
55801
61043
54703
31363
19534
12347
67933
1479
70879
6094
41888
21498
5650
65345
64457
77081
33357
6523
58356
81463
57858
83022
56960
27630
30386
11368
9493
26995
63066
78276
66405
20983
75402
40499
58691
8018
78046
22087
19714
51102
56194
70195
1631
28866
12746
21740
5186
32085
72529
85603
35401
54923
70991
41124
59728
50801
42516
57347
32655
56115
60564
30548
18523
20397
72142
4039
12327
77018
46489
73252
56642
84527
16357
32923
33643
48777
1077
72
84436
51840
38728
54354
71789
5228
66544
66259
87290
11861
47218
66687
17903
37027
3372
77192
77077
50809
18223
83600
85080
65781
56734
62162
77821
55051
19818
78550
7818
78691
86220
12902
9879
67570
73489
36903
34161
25626
45379
31840
27259
30655
65324
10563
46663
3332
32021
35473
44727
5913
83792
67612
85376
70300
41010
66308
12352
25736
38498
62591
58023
21751
81588
70896
66492
77783
40173
10433
24425
27537
37601
39270
40362
81914
82815
2195
67687
27733
85142
37240
187
24528
7636
66778
8196
59467
2859
39768
34959
68400
12199
17078
56687
43004
84365
17139
82387
6358
70155
58879
33145
45553
22275
49632
65068
34775
47263
80007
46285
41616
59382
77635
5516
74657
39788
44373
30233
66201
20541
30930
38607
29204
57558
86124
15983
59813
44571
23608
86087
21654
9914
5218
24960
6903
49943
42244
74409
45101
82748
78804
31287
82332
79896
22793
83461
51099
15161
49099
58980
72263
33603
66240
30667
18301
1303
45524
51710
9533
50731
84293
63169
43545
72208
37243
49945
76282
9899
45992
65737
16448
18100
19999
52604
7195
30185
60794
27818
29017
71452
3721
79544
30857
77789
33862
43971
12780
29854
46509
24209
26385
85653
64788
8417
82574
67298
40105
30911
49352
58095
71783
13032
83455
22594
78609
58220
66234
37368
67441
65354
45429
74466
71937
55610
79772
87499
29803
35333
64990
18794
26597
60127
58401
67773
40589
24482
47227
35216
8461
40250
19922
81145
67870
38281
40494
50942
47987
11534
383
41316
45586
31910
60977
15454
25894
82450
50441
13576
29864
50120
40636
28336
27105
79264
49329
36316
16331
75179
30184
7598
49473
76912
34802
50640
33240
5027
43147
57557
19274
45871
19565
29478
51665
66410
35983
84084
75654
48792
80791
28910
36905
37573
46754
23134
49798
75588
13404
7198
18528
85286
70144
8726
29573
32607
35423
64504
70044
21103
87993
20715
47559
76239
45638
30644
61243
17289
20759
86538
68117
16337
40299
74923
58936
87110
49559
72295
80945
15230
86146
81012
45456
33290
26916
25893
8879
82178
24130
15000
70885
27961
18323
82086
55725
38488
63232
22218
76494
28612
13374
36843
45751
21736
72413
13964
53966
63967
74957
57407
33693
78706
21492
10274
85873
17616
35403
35395
9042
15356
7266
39750
22252
19387
36157
51246
70167
12064
10232
24985
28749
64154
53626
31907
1014
5666
24096
52507
30779
55433
35709
43673
9949
62879
48984
6159
137
86532
72128
24500
38051
57069
69001
75845
79744
29492
69768
72017
84291
60838
73950
11402
80433
16770
20486
53705
61122
78222
21294
63946
8800
25752
82109
60179
80400
6011
1772
6400
9716
14830
11871
19901
55769
61897
3054
69183
41472
16495
37060
13998
57135
61315
57839
74629
60941
17572
55257
73500
67556
54397
41214
16912
34933
8421
84575
49286
46829
57318
74753
32766
11761
19000
84150
18237
53204
83380
71132
9117
47910
47546
49409
30673
658
40295
74886
46610
65765
45799
55941
38604
22789
1735
47842
24758
46230
57466
15552
82304
5260
82862
65723
15364
85838
13399
34581
12506
30883
65297
56243
1761
14635
59070
70216
9057
14479
85325
20553
55282
81818
69622
47912
75708
79820
65569
50226
35133
58675
60671
28606
3495
78015
40434
31403
84491
72
15833
3697
53539
61943
46372
1076
83021
60086
23833
42074
39597
42783
61607
54572
74136
41887
84
37409
15916
20407
29652
70944
15361
62088
49002
54920
30063
70913
44681
33932
19004
17951
22902
7326
31243
4026
9915
1569
5933
20036
11672
45347
27746
60878
66514
66853
36637
78419
19703
67110
10
2101
10800
81549
17060
86573
75883
68211
60498
14851
23360
71685
69840
48795
74361
39683
66211
51063
13292
15401
40327
85129
8436
56386
41388
67787
18095
8816
30195
83326
33379
78003
42145
56956
74634
52259
2225
67084
52697
28754
79282
19131
30521
62104
77711
23394
45675
58665
10418
75654
81869
15316
18859
35146
35535
29821
11248
4205
79631
74848
10784
27491
54133
36073
8392
37117
80867
62678
83401
47868
83850
40913
85969
2336
57890
4331
51082
65844
19064
80686
70607
41532
78996
67033
55562
3812
36634
15810
23241
15108
81240
48502
30922
71322
52934
53022
1078
80778
62789
59184
41029
1563
11688
82855
11443
20459
66993
28688
15858
13699
12466
47278
38818
22171
9033
2099
2771
33007
87538
38011
67205
56361
42609
9120
29608
64850
27174
57101
11253
39838
67739
64540
33391
45187
30947
55001
20985
10591
51272
76474
17495
6742
20674
81618
46552
47317
38017
54157
58291
79309
64073
60143
1376
68391
67884
78199
80682
8614
36700
58164
58751
16530
21488
80414
68887
21555
6558
28803
45234
20143
16970
41404
22268
87083
13038
9205
64289
28180
7393
51850
18851
39181
32630
665
40031
67142
15966
52582
32767
48182
10811
36177
47799
32316
40271
57106
73010
15321
38152
25288
23809
30210
74298
39487
21609
42742
66305
37732
33590
71251
84994
41588
12455
85112
63665
52040
30656
15748
8412
18093
32629
48461
67167
36486
15336
4371
58895
74828
81919
43309
78399
35428
27845
72495
71112
5284
62143
24168
84553
13768
19037
50827
40564
25902
35224
1068
19650
21452
22412
5737
63201
9006
46375
61839
10700
12377
73761
11706
13598
51423
77466
86573
30560
52569
49190
36583
39599
38672
5445
42101
15814
34682
46681
10130
32788
27839
59906
28339
28766
52474
63525
74439
55640
55698
38664
42020
10037
85156
59452
13719
34828
11628
64799
57599
49925
67789
64713
34186
7275
69055
8135
45480
70744
73278
71526
40481
69614
23763
77994
38057
16164
60133
52504
51169
52145
54806
45158
39771
46373
3985
40748
24086
18051
40278
73792
79970
29259
66752
54048
42188
68491
68374
34993
58513
68295
32452
12051
4883
63516
52339
30840
75690
67312
47596
2337
65324
15522
80959
84
12985
67352
27001
47928
9682
50256
44532
7755
49595
44404
48337
40591
21993
5340
50964
11945
82909
77902
57078
17098
43498
2361
20046
82400
37057
47110
62901
49006
32777
13345
2087
55362
61926
8368
12849
72194
71813
2353
4591
26796
83892
55241
82684
713
23714
5784
30475
28091
17954
70846
13696
50552
58128
13242
81465
5276
9893
71422
60917
80019
67930
14210
11915
38966
69050
52757
28651
28449
14652
57879
66328
25529
9515
24176
5579
22867
78622
49836
78268
74043
6951
56297
33798
69924
44341
2851
59224
21443
60965
87031
78612
11049
35400
65436
6657
28076
34166
26447
3128
70537
54695
17311
72434
67031
39825
67430
22129
15986
1580
11716
56289
83955
73454
2214
70820
82962
19619
19892
28511
13204
73174
16
66474
56629
41720
82240
67260
16863
80071
45946
6818
18838
80928
58832
60516
77518
43691
19481
9556
4212
36659
62506
22916
77128
29532
69890
67834
58269
60534
55468
50867
55950
36771
61944
68942
55956
35390
13144
56570
56827
68828
26479
18761
18314
36980
20908
58019
25438
51041
62709
16404
41960
6557
47816
65638
31577
31873
59470
72206
31408
24513
46231
11610
33191
45851
43962
45057
78338
34249
18308
46410
3108
3174
18313
78853
7173
19888
53161
59982
10787
12863
23243
66435
82684
81695
19865
85769
57531
79589
16602
31769
13239
25628
64947
28759
79265
69169
4130
72311
39195
19942
11460
22802
22592
71466
29341
26470
84981
62351
61821
7270
42479
58692
23718
10119
36035
56468
87290
10645
35036
13941
60636
49716
87749
5910
37258
24628
19979
4460
43720
17003
29288
31814
56047
62072
67189
41616
20861
13550
71364
7841
60154
2921
64766
67704
33872
35727
69350
50388
1561
64029
60237
84400
30313
11239
59563
8665
13086
21614
25798
70465
12327
87116
74373
66732
41042
16625
23357
72379
21495
18067
25335
41296
27884
64244
66588
27216
41056
59536
33888
44801
70332
4720
31771
25328
53714
50688
39072
40205
34070
52426
76094
44874
51768
51512
21419
41084
53494
83975
41954
43956
25661
25322
79575
56530
68960
17568
43556
69150
14313
74266
22884
68431
14838
16324
46783
80221
80847
8655
75923
58529
49896
43483
17268
55278
28021
20623
60164
14892
64210
62421
72077
53848
58212
41787
6081
87123
7789
67861
83138
86390
17184
40042
34875
21365
19962
45527
55463
577
29739
20675
8374
26677
38775
82875
63410
71030
1379
13039
78273
78348
86771
57540
68478
45605
207
47984
71825
73102
59041
85291
16315
42799
71847
40956
62921
86989
3371
53370
50193
68812
8893
57815
78641
55679
82928
24985
65311
62772
18207
13367
81527
82483
12811
61562
67592
87296
31812
11270
5267
87596
54862
82867
31200
30179
77970
57439
47687
69278
10420
40499
70229
27619
46015
82032
20785
39613
50950
47124
47456
43660
68708
67483
21937
17486
14809
67128
74153
71498
10862
70892
71497
75761
54354
13459
64633
65090
71371
70964
20416
66115
63203
37961
50515
29351
52226
79894
12090
73125
14759
6767
59493
50811
76660
29244
50038
42469
63277
87638
55669
32708
74000
18043
15174
8282
79245
24149
20426
6743
71442
62671
80926
17518
86364
5922
6658
71316
8866
76848
54823
32036
70443
3635
63594
71656
21095
26155
13914
35774
2048
35151
74746
43234
4931
58333
73359
43259
5289
86924
8499
84758
84591
82308
73876
80574
18810
37194
10174
2729
17688
15503
74114
65268
83252
42138
62137
10064
50716
76391
70879
9195
49381
81380
43562
18636
87693
62308
80710
60966
47801
29467
22188
4937
48853
83240
5196
3105
44336
4668
86770
30049
47872
84618
78382
83433
41517
58224
69396
74635
65115
28193
38568
22064
18549
86235
52787
61352
69857
8681
44545
83262
11113
64504
11640
25596
17312
21426
13416
26984
112
77313
77219
79356
15723
79927
61973
2534
1657
68710
54007
984
2066
49009
57687
59065
57403
65742
15456
56812
61122
32393
86859
15825
82051
64027
54347
66610
18318
75906
12635
27146
52441
44428
18021
1060
51824
30166
11002
29380
87610
77657
20462
24323
24381
84430
56004
87126
72857
84023
5804
42291
74304
22732
78749
78539
55500
49755
71499
81777
56891
13528
25294
83788
56769
87112
53984
29328
87498
5303
58562
74577
2877
56650
72974
20025
10503
28310
84186
46471
36775
32119
74670
72157
38912
20684
81301
87376
41444
70422
75586
55381
32095
25109
63074
49800
1075
35632
21336
10349
758
48517
85124
14774
83039
14341
3113
54270
46738
46600
58530
40340
17800
73632
82
77378
35707
21893
69326
14801
54499
46205
10372
83702
51817
63208
36466
54969
48706
45560
28303
71847
78455
47326
47757
24506
62087
22643
77388
80905
86620
12881
72795
63707
54135
66050
59194
49818
44587
79955
74757
68173
78461
21751
5944
76715
71275
35493
59541
67683
45471
86353
30214
62566
55085
1301
34878
55502
83435
34640
48459
56047
55680
25117
71029
63821
73329
7883
31279
78515
5323
1134
43189
46296
85191
69409
51781
75530
78574
53110
79644
16561
31728
45021
86235
49387
64579
68404
69826
36599
30810
20441
56675
22123
83128
59719
34770
76729
68587
68739
31271
42017
79829
63321
36327
62854
61822
44236
44369
22781
47786
13129
49148
80106
84713
53130
19211
17458
36343
42466
53421
43572
3383
42597
81629
48403
34590
86485
41908
6377
25013
37432
30993
69914
66216
25843
51424
9693
5889
62957
71855
9527
35810
46495
62496
69255
39333
13236
2881
32922
41594
52114
19818
23272
77005
56286
23436
72175
76478
47378
73656
4232
16619
1013
29269
83503
20600
15307
76518
13935
37047
44920
55701
87596
35005
70271
9087
21417
59529
47459
33576
74948
54385
12013
72219
68743
9377
41910
38979
49484
67944
60416
28193
80170
20983
2278
49476
1900
72746
14397
34333
61831
44253
62768
63542
25395
46702
26495
74681
5931
7446
41080
63507
34409
1869
60335
81966
41293
29424
6714
3283
44756
75243
40568
34581
66261
48265
10783
56778
21516
20923
80367
73648
532
51629
31277
68383
57399
17581
3629
81669
62989
16803
45002
32566
19421
30004
38713
67437
34520
16405
51092
63922
54682
43371
75020
16116
84157
27370
69010
11625
26105
47929
8859
76682
32822
45391
75086
43401
10748
59392
49838
52292
21541
20843
53648
27022
34251
85162
19668
27020
20744
76894
39758
66948
26614
43214
77338
87821
76426
43711
77917
57113
65204
9033
75493
37065
31721
908
77609
27633
71014
30437
16694
57653
21878
59620
38244
63970
35324
41681
10053
449
1549
58632
79684
51251
40031
80658
84955
21620
21176
85074
58293
4680
23087
55199
26337
50804
43108
76975
79845
3917
48630
10669
19432
71109
56785
77968
45291
85011
38818
58883
78040
86150
45629
22648
63083
24699
66257
863
25386
84624
40806
87095
10551
65875
12054
43831
27256
86158
48465
61560
68984
21044
56552
17690
71978
77696
17881
44625
38093
83548
73601
37103
9029
57158
29662
58191
56557
15450
44279
58499
19829
8555
35741
26453
18543
77560
54456
68334
29891
60240
19824
58375
29136
80026
16370
21553
31665
26262
18837
27231
10142
70492
6828
57010
82517
84613
51509
59736
85265
48742
69720
81723
49600
54260
69480
34735
59930
16799
42359
57791
86461
10675
71967
18675
17405
46600
2514
81039
15277
13969
4932
24418
66004
66841
67599
9284
8089
70549
58849
16840
16317
66941
1876
59369
33706
43965
5927
62950
19428
44888
25553
82113
4734
76829
67150
40323
35775
19082
23869
34605
76293
25622
9889
53995
32601
71367
80798
74629
49015
64604
39346
42469
61764
38517
16647
63632
32642
21025
85807
83052
29694
55303
13623
6339
52391
2711
62528
9057
67069
38413
1155
27314
32526
11915
60290
78205
86779
47035
64590
79036
48321
77220
17880
81477
82736
73520
44558
33859
47386
46929
80303
12026
87528
20891
14147
87441
82199
83710
55692
77560
7012
50936
30812
48773
82703
66680
22704
51250
81939
62347
32744
59229
7592
49470
59060
85922
30787
28540
59700
59529
23963
85399
54190
58118
8641
32433
63510
2437
12980
12275
43017
48346
752
77627
38239
42145
11470
67875
50989
45750
67494
41006
47051
79619
60249
15659
5721
73136
49432
41634
37235
76833
70051
35664
49552
18871
43818
86873
21841
10944
35578
11257
12534
31466
42544
78053
51872
670
427
25820
50246
31643
31402
80368
72497
17790
14546
64353
67850
21591
62902
2963
87050
82745
21995
72145
13675
17910
72780
69547
78843
36360
71215
24779
9675
76922
31441
37215
46937
12573
69934
41982
9610
50520
57374
74991
31734
69850
65418
48572
55334
82477
73732
86806
1927
51064
51041
44189
44696
4581
33648
42320
23331
20048
26393
36360
27311
55659
43424
32497
74553
75461
44617
67855
26356
74964
81414
35330
42268
43116
64932
64279
15054
63182
16242
71801
11664
48251
26495
40703
33543
78781
15572
77789
72708
62154
21484
6878
10801
49090
82703
42493
20922
35946
12952
14841
29391
7800
27746
57140
67936
9085
36658
47290
32864
6395
20216
64444
85888
17736
73208
17385
80716
12245
27219
66743
70998
48398
29691
68749
46127
53059
82507
86893
63058
23368
12895
26036
41893
28120
80686
54489
20155
30240
52062
34207
63508
56996
27721
44563
74980
54342
39061
10738
81481
25928
76209
67214
81794
73994
5888
828
72333
65204
21893
3796
62411
29641
71230
35410
36917
43179
56501
40549
56315
36749
63382
83068
30516
82305
4199
36512
79656
74604
41200
10972
16806
33650
60236
8530
61078
18832
37413
80999
84450
2368
70148
1992
76788
68619
50843
54573
38359
30644
55448
64394
76575
78384
27656
9181
8415
50353
60844
4720
18260
7270
723
61359
10912
54132
27889
35017
23439
67682
76208
74421
75739
68330
18914
38044
67275
15411
70079
22176
77699
12095
49848
2474
56566
54220
11990
73169
65550
31856
85775
62635
17891
79752
49620
47257
43199
48472
53156
23535
58015
8148
86130
9174
49338
23396
63286
48461
79044
57058
78105
82885
21650
52999
81500
40517
35524
80138
47732
84426
57276
46775
84806
27830
7009
37008
35319
15138
57721
1520
30779
75765
41847
17624
72530
47201
46968
55495
57467
31758
19274
22266
8113
41392
8584
80832
16125
59621
22001
8406
67786
38002
19082
10013
46562
30706
63692
74639
42555
85548
74758
25617
59340
34904
58826
20173
79559
85023
73159
79966
43986
16548
53874
21679
47384
25007
15753
33000
14773
41617
18704
61527
72935
62132
61323
39154
66171
71602
30518
9181
77044
14347
51392
62493
18321
23702
44615
22713
30534
45126
82639
37178
85305
45358
29789
2424
55050
58763
18738
86038
43368
41011
54536
25080
15072
51079
76584
85188
22960
52304
85040
80404
17877
53351
62801
81533
65441
62489
87530
32442
50915
55762
16565
83416
2698
14778
67699
53844
32613
37008
14192
20459
64392
77651
69276
30549
55054
23399
63594
8770
43932
59427
11222
77263
87190
6714
64546
75779
48556
65009
3758
69422
31542
78950
23785
87942
58356
12939
6070
65732
22388
70061
14370
28601
20121
38977
52991
84997
32312
3971
40784
75441
78268
11749
4842
10746
19526
256
13614
70279
39110
45838
5544
67422
24354
58233
76829
18221
38836
73877
68150
3895
73778
34933
24151
83902
80169
29777
57259
77662
21687
61787
65209
64487
86532
55927
43197
61697
29752
68915
60071
75270
22338
80713
48502
11380
1849
31055
36260
44561
9012
58113
83482
82680
69442
85282
18461
16920
51300
80076
47815
22776
3265
80487
6983
81575
40753
62302
34652
59405
64181
72497
47012
11175
35950
23081
53518
21075
28505
46095
10024
65968
47438
86210
53312
48706
79903
83643
58172
53930
29459
72563
22778
8999
42784
46000
25873
2289
35861
32905
35722
63129
17765
18354
24387
10883
82446
59636
70887
67389
55749
15903
46141
70465
31197
38645
22580
4223
75725
54226
77341
13717
57168
21677
42239
39001
37517
22803
4276
13339
72339
59052
60345
72186
39422
51805
81896
27149
62640
20225
16192
61705
3073
34744
51533
9585
64774
24075
28746
68674
73325
51655
24983
11134
13832
65107
79725
61841
80268
81065
75290
74811
53948
219
28086
59169
22190
51709
84418
17960
39105
60734
6904
27983
84924
39200
27576
53620
63786
30316
65530
46568
20147
76877
24193
28931
23296
42994
45973
65903
66541
56128
75077
67763
80460
62270
29438
72329
28984
6673
23901
1847
81694
44190
19238
37770
38187
17284
74298
19701
73509
54907
83961
23896
48067
21896
47907
57997
62878
69433
54410
2326
61683
9099
12220
47362
51991
79858
32712
583
59501
81815
50360
12901
80856
20753
38900
74719
20505
10675
11457
40629
10982
53456
80409
57991
64572
5024
5082
28769
34463
14223
15473
9506
56801
78277
3119
2434
68952
78957
8089
26244
77809
19865
42433
12488
8574
67175
55272
43352
66461
60602
78519
6217
57346
3436
52307
76162
49758
13847
72556
83215
6309
86317
61002
47463
30144
36695
53751
61285
60314
85896
78861
75730
52897
58313
67530
11303
31029
75452
86126
36969
26899
72422
51915
24568
37522
58431
8072
59803
53763
73194
74261
57489
49759
70375
45822
62581
64772
53040
19672
46972
85811
84980
15926
82783
85688
20965
46669
37926
12438
6213
17674
65114
32707
9466
65086
32092
1080
20043
32210
71737
9548
63112
58872
15131
25943
48451
72271
64447
49612
8350
62224
77500
15304
61121
54780
33282
50597
53717
62520
64810
15995
78819
10576
44804
46465
14194
68656
56444
15577
87683
81741
310
23427
23661
8280
83239
57045
52824
61793
33898
28133
47051
66813
33521
42076
30486
68338
12531
77220
5714
72251
13746
66274
68669
63147
82474
73827
34400
41563
68466
44903
83879
72881
25217
57988
58462
33561
37410
85193
83602
72217
3478
48020
41073
70532
29577
3075
1697
76676
54920
54671
31294
58689
71241
10350
73532
27655
71780
37655
81042
2695
13787
44420
6064
2248
77
9231
79274
16311
58070
65298
8666
4382
43489
4354
1524
18929
63634
66638
31574
55462
46333
86013
3075
27319
48557
68186
29611
21440
4232
51034
74844
57087
75485
34612
68348
28932
42239
82067
86852
8034
82794
35494
69162
72893
59869
71612
25799
73970
87252
50610
86837
16084
84993
5831
62459
53113
50034
64450
64941
26058
76648
66046
51682
5015
78591
63614
49473
27598
55692
8589
30305
76530
85393
736
15904
13434
78359
23952
20581
64333
82386
18289
29720
2270
28302
50969
10628
24621
55245
46736
20756
49454
70104
51428
81643
26065
36886
43207
18090
14482
64586
66240
54751
7923
10679
86481
3278
54510
84009
9838
12264
38118
80096
81047
84613
20112
38354
60172
52482
76477
64648
71810
5930
65680
26099
28563
55804
11051
25684
69117
16947
60092
5805
159
19772
18258
26166
15853
58000
2407
65963
15124
81302
18910
87879
70924
81736
8489
38888
46361
18573
79532
77046
65585
2217
11466
84746
30518
47551
61006
79307
123
71422
7022
7547
72662
17333
69248
27576
79832
23181
51337
64035
24236
22527
56244
30967
1511
22598
13426
87720
17220
24061
14599
30467
4167
26420
41068
5767
81419
75218
10975
63923
42201
56545
600
32941
25825
59677
38124
73425
74901
42817
86901
48529
42411
15775
81066
60663
44546
957
44956
32167
27077
38927
27232
33426
51409
71104
67014
26772
40081
83161
14235
41941
28649
65260
41162
8725
27981
70126
31048
72143
75887
84923
49520
69869
25343
4538
33398
4708
19916
65582
41301
55188
59407
48769
86652
63614
69107
10069
80537
38295
43856
74075
27194
15333
69805
49237
73055
68587
42454
60204
82814
80900
50883
47230
57541
9457
35266
60715
55040
12805
76374
16935
54440
62850
9969
5593
51630
10329
31747
44558
86221
72166
81614
54585
1960
75765
70488
10622
28157
1432
14242
40218
18898
72505
22558
70079
76045
30270
45
48067
59260
77893
47273
85414
6885
58551
17790
54775
7299
25131
76210
85203
53296
73876
21099
63722
33849
81666
78012
24660
16882
27412
40892
49829
2893
36473
78007
60804
57112
78983
52222
78689
50385
69114
76392
60898
51133
58553
39034
82269
14275
64715
14820
54956
62583
27970
73679
1004
34568
57613
15774
4814
32798
45635
57073
5045
28411
32699
47306
14808
72665
47620
43688
1238
4348
27379
18257
40818
57064
20072
86440
36957
3341
79788
54235
6596
8411
46590
85926
60336
21229
84586
2596
61146
216
19760
10803
40979
47882
26739
61329
33549
58458
85408
16545
36131
66743
83004
18602
46998
73897
52580
76284
36340
85172
79359
19267
45582
83881
76669
86319
59440
35981
56926
57969
7322
26274
27082
7969
22634
5538
60801
68358
47883
56295
46160
28513
54718
15353
49604
24697
49650
20308
61766
24801
5387
602
4183
32926
51536
42661
65979
62185
65397
80259
86989
8810
2277
32397
43235
44015
50505
30547
87519
69754
45003
55421
39114
55683
58493
79034
39197
65128
10775
78104
71657
31179
15619
13061
80126
45037
85882
49221
20874
36112
71496
10808
45911
11845
55720
12757
19790
16872
13291
35652
54285
76746
84529
19108
56620
11708
87768
56857
81541
30047
49883
84927
49871
74146
16811
55061
6779
72055
15952
75459
54370
32268
43952
56719
83085
42164
37961
44755
3970
69288
35771
19864
2074
78153
36813
49094
16143
49023
55928
83106
76211
54653
4880
45406
46483
19036
14129
43835
75875
5569
85582
29278
12710
36191
33543
34827
13142
15898
6229
27733
68438
62882
75514
23433
68046
54674
41811
19332
44671
32184
12896
12520
74146
55537
13025
37064
64710
26570
81556
78486
41023
26807
54256
27642
52379
29760
71628
19981
4880
40623
48017
22711
67636
2232
55656
87961
5729
80581
16751
10755
45810
42778
22583
309
34771
67929
63771
2874
21289
35748
30819
10709
71917
8986
31927
13387
87815
32137
36094
23801
4777
55107
78794
50600
6524
15956
11671
6747
38947
46216
61319
86553
724
32260
48629
61823
11116
6826
84825
43695
55394
32433
70283
48797
29234
54553
52697
84507
43461
39952
83090
18263
70989
15316
25778
24648
53848
3918
27560
82063
14114
51386
40262
8144
67937
2445
77774
59666
61030
35799
77660
72948
64887
63466
43200
76516
56992
12151
78008
54862
30793
12500
31576
66219
7984
29236
28659
71698
36977
71516
65347
87801
51266
77829
11096
10722
85582
40095
26642
36648
31921
66276
64918
61393
25501
1461
599
81597
42098
34402
81686
4695
59406
15557
58467
19074
8288
36820
63535
51900
84752
36638
18890
49975
31923
13331
86873
57749
32126
33667
21814
61552
77495
56610
56505
49696
23814
19449
63991
69140
73194
10800
13308
67750
17054
9751
2658
47040
1319
22723
74657
38536
7484
72082
6711
35429
74703
53295
23755
51287
70032
8751
56696
20327
35530
56719
78058
34508
68732
15625
45091
79109
58316
15005
22346
71367
50716
81681
56924
54332
69239
34140
20748
77453
16400
27411
36510
50623
43785
12575
44070
83272
34458
59417
37788
16067
71489
4535
24957
14054
2021
71484
57516
4523
49687
52799
11583
74658
72418
81610
31782
38747
75448
3582
67284
8873
19802
85130
23551
76505
7375
70851
63462
75175
36900
27126
32623
3285
10433
29098
86278
66828
74935
57140
38314
23783
22426
34559
36151
13971
65307
29975
34482
33876
53017
40491
19966
35328
18038
23577
78921
44709
72798
55473
13538
25634
68069
64141
26094
60253
27785
39411
9353
11935
41292
22370
14797
73899
18578
50298
58781
45000
75943
10301
57786
1075
10699
70242
83759
50172
60194
7417
17825
74250
75564
32373
45657
70068
3997
4469
86207
83609
25754
13926
61340
8825
73194
43118
47085
43350
6993
84852
85169
54580
43633
49569
50169
22989
58952
1548
53678
57786
76207
20593
76316
55933
37776
72312
83676
77481
36882
9624
9370
87350
26527
85850
25353
1371
13902
14335
75612
43539
85538
14612
74989
55825
67003
14582
14180
82206
69324
71376
77553
53111
18593
65673
25099
62263
8400
51197
65981
13558
79626
48379
66213
3885
28511
71608
25796
51005
81470
757
12527
8150
52028
23677
45045
73662
1649
21615
1387
73091
45348
40252
36579
32459
72940
459
72995
65919
29417
10532
31796
44814
31283
547
32613
46961
1321
83937
57719
37911
26949
68737
51474
70134
25901
57553
14524
59548
40278
7406
60724
8875
4
4459
65607
32647
38499
84064
49198
17315
43681
36990
55837
52627
21223
55905
29388
53410
78400
77345
65339
74705
28601
41956
42665
75477
62090
66628
21043
61330
54760
14208
54902
79166
24318
14643
70093
62008
38879
87899
68508
84523
8872
7902
12427
65566
62145
46402
28314
11358
79250
22699
57881
40099
68471
38479
8670
32115
9442
48888
15100
8033
26686
20653
21764
79109
75581
86323
44808
77321
31716
58112
82588
47366
7181
62318
32220
3966
21465
62942
4825
22759
22305
51795
72538
18639
65009
15817
9623
33130
81078
30919
23185
62273
11408
60643
35195
51017
37142
40379
32172
83535
245
41727
35116
73480
57532
59817
87419
11079
46660
75875
75748
70901
15633
75509
58279
13899
67700
70504
38418
80235
47058
85527
81880
59322
31144
42560
10283
38649
71662
56560
51211
4433
83577
52279
2662
82792
17842
1427
37894
45621
27507
7924
72962
47184
71382
82018
63229
40157
10889
58211
69045
71188
14606
86419
29458
20291
2982
18368
60644
21074
50668
55395
21268
54611
29911
64364
50408
41664
78062
87472
61256
3660
19431
85053
27491
76413
35854
69404
29971
28025
38941
67838
58447
13000
86321
6603
42081
1874
26023
49602
15574
41759
49202
59579
67215
31964
56084
73048
87943
54117
52923
73750
58153
49295
3832
73990
52145
76106
10392
11649
65396
79270
10114
37874
26334
33306
51053
59072
56441
69585
69340
990
62433
24678
39951
81355
21349
81688
55985
47359
80532
72851
75330
11246
74066
47981
24100
85609
60243
17421
26877
52761
22674
27578
79589
62230
30938
7018
81085
51855
35541
16262
8331
74416
41485
61555
64053
69673
54755
86835
8507
83535
57571
4519
76809
36125
34622
66453
52751
52448
74192
33041
25727
10052
62159
31224
38602
80186
67915
80250
24117
26923
73449
23063
8932
25677
65979
51952
70143
10180
43988
24322
13387
50555
15919
55856
58949
6027
74786
85518
4134
43685
12727
78202
85369
62758
16431
84773
48257
77746
27613
87101
54880
15040
17823
9672
47326
7100
24612
74161
56172
63083
50025
74652
82480
58187
19034
11119
21476
28457
41373
24543
22396
2652
42500
47086
61302
62493
63938
8373
55591
16303
43594
33370
19110
53208
47617
75378
76008
57288
60931
4109
68671
37217
79344
40156
54224
52851
44416
67571
65443
82999
66056
3397
86539
7312
3924
82879
52537
9913
63966
84202
38433
42819
12156
6839
3736
4059
81700
65456
8407
9170
68872
78452
47637
45036
44526
45135
2427
41942
19008
11269
17930
60225
78699
51007
8133
76746
53845
21818
44817
83295
40259
36388
55775
75762
62440
83020
14799
47056
28065
27080
61701
51693
3078
76179
39450
59283
37646
83475
42704
26289
85414
40059
54703
3641
24916
13191
71491
72439
48712
58415
8243
36589
87589
76580
56045
46603
57052
54742
19448
23554
3033
59007
27132
55032
21162
52032
4944
15823
37207
4878
67693
17419
77955
23642
10630
33680
26734
58101
80177
66060
83174
75999
30035
7861
14927
56301
18906
9179
63160
38444
32433
50566
31248
24308
64685
67722
43669
83095
17759
9702
67732
28702
39170
61339
55089
77706
32927
7251
65703
61314
81841
58660
41110
85326
13543
4737
48722
51735
49244
21113
21510
64123
11425
12852
59387
66013
22978
67063
5831
73910
54685
41469
87862
52686
41280
65760
61410
18911
9711
86048
83602
55225
85353
39599
2728
50920
87504
56214
12538
45992
52030
78210
24164
8422
73060
15151
75873
35539
3579
60020
51947
10720
423
49764
65542
47921
26535
1666
54348
3623
40805
19756
47842
55069
50291
42906
20563
45284
13137
86823
40969
16691
14141
30645
73165
34848
33937
22427
87167
7646
24447
27726
20127
33361
39554
80225
78037
62396
62512
76963
63536
15327
78641
19429
56937
21380
70314
59928
17023
52072
32340
18448
2361
85168
57966
37020
49805
9545
74236
51862
36896
61710
19985
66168
4682
37329
58010
15877
30024
37015
21469
53405
61440
54943
65243
64775
31952
50030
61773
20952
36982
4851
83428
78272
22806
36496
19807
87132
18360
7971
31721
82213
10388
82285
29771
45750
19468
77669
47417
52024
79483
9790
70603
26515
13307
59263
9092
42368
58484
32402
18397
87530
34730
1341
77229
42272
54491
41897
76821
40014
84055
35913
73256
6506
10401
51104
25599
74526
73870
1431
25380
11962
42589
35041
73528
85767
15115
34892
17413
72603
43568
87310
62354
3250
80588
67629
5857
34008
68946
12948
42712
10327
75149
83271
43167
85132
58195
488
34863
80544
1412
18317
21764
58788
12052
78780
61942
13554
6251
66990
64314
41847
10252
55272
86099
56373
58025
39925
40871
35558
23881
57117
46214
37792
19424
53979
40033
82901
73893
58011
84803
67515
23903
9156
69452
30715
67835
62178
81174
26963
69279
82650
86677
71908
75144
73580
33356
83068
31417
40215
5988
45007
41182
74924
17425
10388
9071
26943
19727
35951
56069
15925
42599
43424
65107
8793
542
78688
27959
20168
19818
69809
26218
47955
12295
43064
17511
20652
25427
18748
61304
52877
61801
17466
5066
72034
48338
44695
67654
35896
52864
19314
2938
59871
74991
75942
55384
81023
62851
49991
72569
68881
46102
11270
44910
15795
16093
77830
70474
3157
17639
82067
82954
11322
1852
45523
58290
25863
40498
58659
44736
21414
2586
6999
65330
39290
6605
25300
59729
84606
8760
40676
84920
54457
36939
68297
44222
67453
45935
82229
20807
78111
42242
21373
62421
31349
58478
18594
78750
2373
69787
19145
4996
81202
45026
79728
63861
36003
15225
70488
85859
26715
36954
54380
70326
36267
25562
71670
59451
8685
23250
70983
33910
1725
12531
43654
2691
26219
30637
9500
32899
45131
27535
15620
43668
85412
85479
14235
27664
7288
43325
19419
2030
86647
32313
3093
63090
69890
18099
49777
74640
15749
13862
77601
16641
74808
10550
613
24366
10524
3679
24132
29236
68215
3194
59725
36009
30502
28279
36240
13560
10235
14178
5371
24117
9648
18010
44648
83416
62203
59753
45439
62776
22318
2709
80370
77111
24689
60912
25390
2604
10053
3216
11412
74280
36532
71020
85875
83566
39886
48674
75256
59985
81520
53339
16587
41521
10070
84552
49992
9218
28942
67897
33755
46733
39203
50510
46923
14051
17359
14769
67289
67540
37631
14992
66916
44001
78951
13846
82554
2145
71170
80862
57239
36800
4717
64975
49755
59572
3876
39458
55923
72951
43164
83789
63211
60537
52515
12668
77058
47772
16971
76343
22026
29640
41345
86442
64903
12778
70023
46311
9207
30863
3091
80121
1703
25400
12355
48861
33699
78144
56093
66671
42326
57069
75513
5449
54876
7631
62870
8161
73066
58222
32284
85862
5610
19479
75493
8265
41835
20775
46003
28054
36308
35272
10569
17354
87333
24569
76417
87084
29071
33481
48116
15300
78893
34160
11253
68767
13650
73547
1470
82249
9904
47499
65913
78648
78296
64877
59041
9283
217
85510
37677
73541
1138
10061
4991
11924
65290
15795
85000
86224
16907
21206
34586
80158
63611
62452
31778
50216
64754
14386
68608
40442
75529
70191
52253
1669
6939
42465
3966
6662
68059
56882
4687
49311
5136
26951
39645
82350
55619
15147
54943
41505
64710
82538
3703
13116
26624
28003
45664
58713
24373
36255
68835
4270
75093
58435
16780
1431
48799
78456
33630
71650
14805
82680
13260
66874
76372
18798
52777
55465
64096
25401
26195
8984
15353
82064
51160
49206
4482
82191
48162
40185
79777
81857
18572
81656
66125
85261
69034
7635
8947
28214
29529
14642
18595
60797
23780
69769
57532
18790
17990
51300
73339
23445
74668
26704
21949
10910
33390
83336
19913
87624
43481
40315
86517
48962
28860
913
32599
15377
55484
60725
80124
4571
1232
14324
3310
61120
65442
75074
60594
87581
23993
9074
50436
63135
2271
70045
83931
52775
34917
712
6696
82412
71366
57373
76232
48535
30073
42970
78369
74354
55739
66588
70822
47054
50326
35657
74039
83089
71716
65355
20133
33205
64169
87015
68150
85984
48244
46604
24579
74014
78998
37327
18717
85975
10196
79357
56320
26634
14084
40745
64932
70133
50855
2220
1652
64648
61648
68213
39908
56001
50282
59484
14489
20931
84833
23973
51221
18808
61530
71033
78512
3050
11811
20737
55551
73613
11050
68316
36248
40470
73183
76766
31624
67045
7799
26170
65709
67239
75043
63069
40519
42421
50797
8387
74385
80429
78467
24753
928
28911
1057
41394
18803
70309
86001
68987
32203
54610
42158
4544
64973
76531
50694
50629
55622
86033
67346
36515
31807
64627
46628
61319
64911
32629
20160
41362
1281
50871
53166
28787
28277
76915
2826
50685
60126
70359
5926
4552
11172
22281
29658
63778
50759
20922
7765
51319
86585
31730
67682
86747
9234
66689
29489
72336
22592
65889
78450
31830
43949
48079
17112
84936
81686
54893
5117
57047
57362
65589
27849
24903
68809
87425
50230
56046
2285
61476
82137
18076
45884
56980
14589
18621
45320
16565
9389
5087
20076
66932
28408
58514
29055
21762
34734
16071
35327
18452
8680
26187
48994
13273
50620
18693
16034
71084
67049
5979
53895
23239
49214
75690
59679
7323
82000
27609
22206
1744
81530
47914
26937
42564
28152
38494
47066
63921
3741
46059
41611
23525
52812
9992
14802
67200
26107
1915
45584
68121
56469
36843
64836
19504
83402
61042
22495
17379
46400
90
28912
84634
60476
47503
48621
8880
28582
64555
60878
23958
39553
42826
59594
40909
84750
58437
71104
83456
8518
76566
54589
29688
10292
80530
6536
71845
6566
23779
78732
56432
53828
32622
39623
74415
59352
9756
13207
63262
77969
86224
10842
79132
54094
58121
5967
41251
49247
42381
37197
3225
58797
19693
29313
65545
77591
38155
8698
4718
15469
39186
41636
39105
63409
23540
79929
86582
37111
17793
43278
69318
56612
128
34025
71499
12468
29939
55998
26221
50303
85802
19400
35208
1661
84620
36461
58864
59546
26741
38370
9287
31721
74199
20707
10491
25060
2748
30586
40197
74851
19595
62659
10222
67283
6287
71329
21379
38950
75949
13740
70737
12090
62428
11611
2065
62574
81880
33464
68335
47789
84411
27252
75375
11805
27810
20014
81279
47707
581
56623
15847
5160
82175
27903
87652
28026
42439
81527
82889
18920
23174
45040
72246
32434
83171
84486
4946
36293
43793
70361
21443
71309
79336
3976
59226
3742
72013
69732
68407
57942
49525
53911
80923
31420
83084
60977
51403
41814
29240
33305
70126
37583
53037
56717
33816
39289
6688
22110
30787
1811
30156
3030
59070
45429
8349
22027
81235
83066
41681
69159
46961
13970
6897
42329
81959
159
37257
34159
22491
80736
84369
20767
55945
1231
84776
13293
6785
80591
77788
21139
39753
4072
81948
83887
13259
86824
12982
48185
47984
46670
6846
9000
21422
35000
9510
77804
56517
77841
82406
59596
48840
54883
51737
51243
42911
31099
70602
87392
18535
74485
31620
49481
87463
15331
72059
65494
76113
67873
57791
74100
49939
63535
29765
54028
71371
13352
13463
55227
73992
23105
40043
14359
16698
19094
72066
44411
41731
13426
83543
51730
6479
7221
18363
75509
55336
77947
10379
44524
18237
22078
41900
22425
85083
82679
1709
74036
58115
37385
42004
2503
25991
31455
11216
82021
21995
18250
30854
2237
52427
57350
47174
70925
27684
11163
71456
7563
14381
75570
25259
70550
78452
61893
27355
41815
26639
85694
35581
4137
30111
38695
79989
81061
12444
72951
72492
34474
5699
87901
82168
69034
9345
33663
22233
30394
19670
45654
13556
59875
43187
71764
56861
28
8398
16267
24750
15883
24363
63913
87959
32235
61258
67030
52459
41186
69585
58072
4597
51283
62051
20971
23460
38037
87161
86692
51257
10193
30327
77152
59495
2580
61095
46987
47260
71818
45364
42034
26904
77919
47898
22708
79426
67346
6505
4042
36019
49632
78048
35213
17471
33194
43757
47098
86511
8585
11459
23251
69856
75373
62449
84756
64485
53015
52562
20401
73045
22432
7536
28663
22428
31067
80066
59077
30739
11557
74384
49126
42466
80165
58522
76402
29643
42093
27000
13409
10527
50350
84244
15940
8679
25326
70593
27509
54885
84114
12884
84130
33479
57146
71839
3393
49023
55578
7020
46480
67989
67220
47089
25046
50819
59
85633
4692
87758
60088
45662
45024
9611
18533
60857
28994
8469
32447
34133
85861
83149
72630
8743
61744
18693
73332
78899
36351
79065
45596
34405
62113
42564
48433
1740
77168
33075
9440
55473
34847
10182
85434
16
18186
37097
42250
55532
19378
24843
57547
25713
37029
56646
79458
69549
15931
84398
79860
6979
3594
59780
8387
11902
30500
73740
7290
17948
74823
32090
32228
60202
29895
67233
24021
52519
74166
87435
11741
3618
83723
18215
10137
3481
26012
83964
34007
44225
13913
74224
5532
84098
4300
19703
50065
34309
1161
80167
23415
24777
83074
82834
28476
19578
39162
26124
63512
40007
34729
47439
62547
55618
61224
32249
16984
36485
14612
45787
80848
21660
65355
43093
36271
75868
34131
84823
32412
39495
58191
14832
18335
68035
55421
67170
76113
53942
7180
70462
64358
24869
16683
51151
48368
7237
75260
70241
27177
83322
68882
65614
79355
38833
50071
11089
15937
71472
52331
70442
41495
50359
29846
63390
24343
562
84687
52191
55832
11792
46649
37212
4036
44375
4531
16499
55394
30566
22393
59606
48201
26684
50636
22911
8119
4386
19817
85407
21260
909
31813
61390
30338
83272
17496
19919
17818
6363
14876
19179
9001
32998
69670
84727
15527
82859
67677
79125
66636
61047
84918
87893
42719
12766
77779
995
6506
21898
15483
64545
69952
56066
31180
44998
54839
54831
61006
76244
57605
11049
25739
22969
2028
58840
12676
46447
73385
81483
58736
20626
47156
62853
74737
3266
43825
73857
59066
63672
9244
46891
9622
18875
63914
24107
73858
13816
79620
18993
8815
32953
78727
66875
38022
68941
81230
33988
44801
22530
53961
51876
21395
62596
43474
59354
43740
75026
63629
48895
62980
60511
40008
58179
85452
57360
4699
48820
43813
79541
85867
81963
73401
28733
56459
43230
43351
10300
19978
35522
39112
11489
11161
57954
81565
72892
35001
62664
59018
50813
54294
77369
86856
77604
26514
27908
80036
30679
74260
16257
9214
5593
19051
28625
56120
39936
36139
27635
38084
38657
87575
27728
51220
57741
43467
46817
29263
81927
75812
27325
12140
78445
35928
49035
53538
45872
5775
27805
74376
40916
25433
63056
70138
75387
27781
53730
18704
20662
82697
14599
24691
46588
30630
35506
13518
54802
47823
64042
86471
71582
10580
35950
45703
10033
62795
18022
87745
85553
77795
8261
27220
66401
32854
87547
53460
31393
85838
6738
72935
3682
11931
29661
24745
16223
5326
46882
39993
934
58894
7008
77237
67242
52054
44143
65318
3109
37844
7610
49102
925
9864
65531
8212
56068
73418
997
5731
78457
37536
85352
21994
13720
32128
50630
65059
53813
80809
7466
86454
80326
52952
6456
5762
26817
77068
60505
39877
22606
29532
79169
53394
60521
67503
13568
13322
86670
18042
2353
48178
30025
6909
25501
6183
40770
45780
74386
66958
12065
82735
16743
2337
74406
41753
57097
21927
71370
47993
2677
45345
40467
3043
56908
24258
30710
62032
15908
43281
60122
28160
14192
25645
48021
66007
10682
57859
10579
16662
71526
67647
53189
38518
26968
9172
80681
13653
41820
4044
79410
13383
6055
27221
1443
61287
40800
40812
25759
53511
78892
35881
54710
64756
13975
70557
34201
13878
27999
57721
49277
78199
15205
84335
12366
2891
57549
76309
82437
67811
77201
16768
54048
25678
49290
19996
34027
85865
46688
27535
9872
2808
19236
81800
76344
57893
11618
24368
74911
73688
23158
40487
62095
44969
80065
39160
64162
65425
55552
29168
66892
50871
31968
85146
52277
13849
40676
46217
80638
27856
20336
32320
18647
72980
75900
30164
33980
65196
85216
32761
32267
8605
2501
83993
35382
63057
50272
52738
35127
67043
56966
6683
22251
66493
41680
81200
78651
7768
22885
49452
5918
20710
67288
28600
24147
5346
80240
14572
24626
30055
68994
46158
21133
83043
65369
59084
38932
39568
39958
45640
34556
49652
13408
48607
41716
55867
52750
83137
59292
52076
34656
12342
54435
21720
3797
9267
37318
71281
78310
22464
32336
3738
72496
68960
49622
32710
54187
26145
3533
39602
70590
55822
50355
70117
80764
55862
45818
28544
49953
31007
58516
53338
16491
41637
14922
20861
62817
79143
39844
7448
69766
40860
34362
87851
48845
19411
25384
57533
54018
39771
20574
75438
2108
83791
76449
69037
27824
27869
1342
73462
47913
73605
60201
76346
61033
61607
11581
7387
77535
4143
54659
42986
24423
44077
71671
48746
62794
40384
1574
52965
41607
48464
76310
65898
24237
15813
86920
159
34350
19207
14837
45542
42982
74985
1739
35135
4810
15300
62815
8091
64263
19154
65608
5141
69866
39399
81824
52341
22814
37129
17295
28951
81352
70113
52896
85526
78064
12180
71023
47080
65789
85596
85945
17536
38869
26019
64214
7927
57479
65491
5510
50552
7239
25422
18340
6138
10331
59210
69896
55351
17968
75822
18535
52538
63103
43677
34997
70183
4495
53924
80904
84923
15166
9824
50816
57871
53216
16272
85371
52471
59799
86472
61350
28292
2337
26536
41373
32745
59259
59272
16935
26649
18290
45192
27563
27060
79420
19624
85717
51774
54794
7179
53199
68076
35903
22745
43348
1022
20480
56842
63193
86414
13958
83182
65107
25512
12226
57385
19129
36392
23416
35325
5096
70567
11029
39124
35599
64878
87896
83248
86066
85624
11851
50708
15595
58712
75334
71450
30553
82542
11045
43909
46598
8840
69438
37324
60468
54171
61533
39387
49654
8803
32965
11257
75385
10329
71359
67070
11205
55855
66990
21091
69752
2237
23984
41350
34024
56782
50591
50158
17053
65932
55795
65446
5740
42947
6062
13493
70498
18508
86152
27671
11284
62660
84511
18993
65113
24280
30111
78440
51668
51877
22855
8428
61539
84188
83847
83910
63459
18752
37501
27498
1463
65650
28845
70970
19031
70759
30295
85988
52331
65064
11495
26685
15646
20361
36460
33349
403
58943
55903
55908
9516
33671
45923
68373
13348
20282
65126
72783
79281
64347
18700
3300
42280
13057
67712
31182
50808
6821
21360
6081
34543
85962
64131
86512
67696
25256
74466
50970
33588
14516
56479
44167
25220
28950
32400
64758
42583
7570
65580
45947
72989
24874
74185
47059
27368
28652
73055
14466
77925
61279
28124
38295
68961
25193
13458
1545
13890
6807
82013
67409
2003
25316
6374
38787
51069
75776
64218
8370
8745
42957
82294
32171
55292
43872
76082
58939
66731
9196
2988
391
67477
29318
65569
64334
41436
32617
30184
43824
6428
76447
86666
57868
47398
63240
32483
14980
40491
779
23732
73080
47564
6967
28218
47158
48027
40279
41551
80494
47895
35277
52118
5029
53051
56185
32883
32596
67588
5130
1070
7110
12921
28543
81366
49630
25138
61989
84254
9033
4691
4194
68833
75637
42206
87923
75788
63420
56380
71605
71413
37170
87708
22081
29716
24774
35894
55550
58606
31924
13566
5162
21372
35500
72210
74950
4292
8250
41020
32211
64082
45779
25877
24593
54467
86481
34737
37885
55937
59101
26935
48576
9466
58545
49974
26749
85979
59209
66456
13129
5767
25314
60022
73210
39941
55356
28449
79796
1532
55048
49909
24129
33674
34026
17536
61689
50853
7382
42169
60588
57824
40452
82112
5247
71635
57128
62217
11016
69389
55937
40840
69657
4674
31905
51136
87796
29809
51626
36031
56178
50131
9419
63599
8748
5600
86767
11738
37633
87030
67020
75644
73655
79623
87184
74065
74740
73651
29491
78200
71539
27470
27329
40080
57667
7440
78704
25133
18260
38453
29940
51966
44303
52749
48030
66354
18748
65883
995
11521
50054
86569
8644
11901
29133
49466
187
19943
80141
29545
42620
1209
27650
12110
23844
53318
45846
21001
69527
65032
66141
56683
80021
111579
129646
146676
106721
103509
120736
157841
134359
153001
133872
122622
115782
163191
149710
110019
100445
134207
159120
97183
144698
100752
114415
161649
156849
99224
93722
160116
173373
132134
133638
131164
100376
139355
155092
106817
116002
98001
115234
149428
159959
136205
135470
151966
158062
169189
154373
167078
106243
151679
152809
173177
104912
147204
140747
144269
153592
141702
140840
148777
116146
156508
118232
91560
102757
138598
119355
91012
106365
142060
139875
98257
143369
129865
154074
115860
158368
122397
157019
95805
173040
120784
152814
156482
144764
109305
127232
139870
102880
122848
121243
149623
110419
165063
111386
98435
139708
136850
118646
113971
131670
140376
141846
127311
128109
175796
137781
171290
121240
109007
171925
160997
145192
125857
142087
98669
110027
167407
161308
149197
151483
154959
107982
108303
175034
104570
156787
157513
110881
147077
174875
164872
167715
105060
157417
131531
119761
141221
137695
108457
164970
122853
147470
146729
88269
141485
126163
115137
151055
102092
102610
166134
134193
152765
155269
140353
129273
174442
94062
145881
147033
112471
118829
90072
127541
95512
173292
174376
168413
121745
151516
160239
115205
94790
132398
126302
172196
107046
109640
166970
168697
94866
139399
139537
101000
103047
104608
109470
174518
124249
96138
173067
149965
146695
140929
138260
166299
153346
145699
156554
138158
139318
111555
88548
175951
89010
103510
175466
99309
114430
122989
116842
130203
155088
135105
112752
124311
143790
123040
159638
166042
93020
100363
165846
95461
121723
98622
140727
165356
116452
174660
123700
111168
103746
123967
115676
105774
154284
111823
100327
140827
157430
137130
152376
168602
140842
125955
138901
158712
95640
150308
150271
110600
167291
138359
163091
153899
155133
142096
166877
141500
117137
129673
146164
110819
131767
173212
137902
145608
122327
97169
125785
113081
111066
117155
103210
144427
152989
107415
124678
122453
118584
96922
173200
136882
134099
157280
113724
161441
114806
153837
166377
108158
108199
104841
177198
217314
229090
244873
222916
224849
178890
191031
213314
181162
198389
247008
225796
188082
242638
211743
214412
200410
185200
192101
179393
241509
255239
209912
256797
184137
216901
210514
228872
185182
201403
231948
252425
249011
255235
180231
193827
232020
248988
225471
231939
260575
178483
240836
193155
178190
190130
229681
211242
184377
233180
263566
184330
259080
209235
223930
181436
203076
218294
252392
218628
187423
200153
225350
177752
182104
251110
253614
228232
178813
246430
201505
219552
184931
176086
227882
235293
230733
203110
237702
250416
222792
176086
249562
186466
245504
210687
228889
185310
261822
238240
180328
180967
183121
183365
226666
192432
199509
216706
224458
182424
250886
248824
204453
191826
212273
225365
216452
208966
258785
199844
210465
259896
241696
210318
210061
223120
177734
233472
209679
261368
234795
228952
233619
181996
217760
215722
231597
200594
249292
238718
201876
213173
311019
279327
326852
298756
265699
288219
291479
284825
316167
279345
349300
283682
344479
305017
326955
343555
321043
299816
337806
267161
290665
333199
348579
276449
274668
338005
304070
305801
275698
327128
289549
286450
291829
332690
264875
301621
296544
265884
291345
274717
310976
289635
338356
304845
339824
334336
288134
350086
320484
317117
338775
346590
346016
275103
347887
276540
308041
396863
378124
432793
422543
434449
423005
393288
357238
364295
400973
430945
372252
438834
361414
355125
381784
425333
352484
428654
366735
368448
404515
437007
406738
373963
396070
380510
430260
386742
369891
439727
405456
363936
357264
408270
408348
378610
425822
425390
364985
375316
369280
429529
372324
381006
368790
413325
379684
436993
395261
378444
437568
381597
411474
421092
407209
431588
381195
376854
393857
379693
416787
408456
357514
406406
393727
427516
379731
362718
394735
371543
420214
367156
371602
413871
369833
439573
363634
361152
413367
436828
412507
388781
386984
422999
418166
374502
378550
434206
373256
372144
432312
432405
418880
407972
451486
482252
516730
479843
520868
503006
520131
494748
467306
489382
521378
453851
507087
446251
483757
463617
461287
455702
525662
472070
505476
478021
513340
522935
454218
510276
467606
445450
464451
446530
519226
489264
465377
524400
457676
449950
450628
462580
474785
474076
527166
466977
489194
498526
473690
523625
449864
460914
477486
479256
490870
454164
507613
490078
459561
516380
522788
468125
480906
458916
473094
506461
461844
459868
472231
444120
504176
471816
468061
507243
494809
465087
445776
472656
459689
462004
569680
607733
601923
571131
592840
608092
529508
545109
581535
607079
606805
538353
557463
561284
611170
601985
537845
544847
562110
585722
530037
611727
550864
574301
567144
550111
547632
580283
586655
599510
603018
613410
556489
613996
549222
584043
600835
600203
631007
619248
693652
702728
623017
654216
649313
671613
633081
631140
769270
749566
708067
714777
713745
759177
763844
729868
787466
732499
867848
840672
870439
857971
803314
815965
815887
849417
853672
797680
916255
884086
963779
907292
933542
905652
965976
886087
880793
910940
961769
917107
917439
920516
880152
898857
954892
934892
942095
1007533
1013197
981285
1017897
1042049
1018732
1015248
1026206
988247
1049701
968352
1031393
1050418
972383
988322
1054756
1024475
1008764
976018
972823
1004465
1028622
1039552
1039787
1053725
983451
975968
1035992
992502
1037846
1007852
984657
986474
991271
1003026
1055632
995155
1034187
975615
1019894
1008916
1004387
1031865
977284
1055704
996069
1020506
1033464
990323
1024012
1003225
1014814
971478
1040602
1019136
968424
985682
1001334
1052204
1014294
999410
1045358
1017595
1038105
1006770
1017509
1051395
1038692
1043583
972704
1047895
1014723
1035009
1047252
1029036
1036228
1017693
1003746
1034456
1008299
989233
1023778
1014723
1031408
1020133
995121
1050355
1052631
1009227
1046692
1016559
986082
1024263
975558
1050180
1227998
1154010
1200748
1178286
1224271
1224035
1179149
1204803
1195392
1176765
1307858
1252748
1276106
1303337
1315472
1276129
1283925
1276806
1237247
1293747
1350339
1403159
1348819
1388989
1405516
1338589
1366742
1360117
1327696
1338108
1343595
1368534
1374346
1348815
1353934
1390270
1402219
1338982
1349842
1465574
1486521
1488134
1485834
1432503
1450084
1470827
1442395
1445988
1408394
1563486
1537073
1507310
1508439
1561182
1548323
1580505
1514181
1503509
1552044
1596320
1614420
1636424
1624988
1632022
1667341
1590677
1642788
1597969
1658444
1741870
1738352
1724565
1688861
1745120
1737698
1722774
1699963
1705598
1693746
1701943
1742894
1718943
1729993
1733390
1696067
1758122
1695551
1726116
1733980
1675407
1679545
1676988
1735232
1688514
1685010
1737497
1698539
1844767
1771500
1779741
1829460
1810235
1832921
1782743
1818666
1814767
1768451
1862893
1881505
1934066
1931169
1934424
1928790
1931560
1933158
1889003
1897979
1998362
1977522
1973217
1966882
1989291
1947978
2019523
1998040
2013158
2010791
1989249
1949239
2007566
1967364
2018667
2000225
1989276
1940992
1978204
2058115
2025142
2093996
2086856
2093164
2029132
2044635
2054785
2044362
2106190
2187998
2186805
2171323
2134152
2150067
2125277
2185002
2170612
2130370
2178852
2522366
2541957
2515497
2514122
2486703
2503839
2490697
2511946
2480019
2533584
2560046
2620022
2609961
2564089
2575610
2608016
2568728
2577730
2582267
2635469
2599536
2558770
2614933
2571800
2585913
2627395
2570583
2558654
2608497
2627402
2595076
2557973
2569614
2618480
2575776
2583811
2561037
2599882
2706343
2679198
2719131
2670308
2708474
2658798
2651472
2647746
2657271
2679862
2738904
2813732
2808804
2784414
2812774
2772764
2815582
2751894
2740131
2794612
2759544
2799204
2741317
2766241
2799392
2750149
2797829
2755856
2768496
2846020
2871752
2887530
2833091
2834511
2825246
2855668
2889089
2823525
2880366
2838372
2825637
2893758
2861408
2882847
2833671
2856680
2866089
2819322
2982386
2969985
2948228
2906385
2961234
2936846
2939652
2978026
2923605
2983373
2926856
2934043
2981552
2952992
2930674
2965669
2971316
2977443
2991130
2926734
2991645
2923558
2982043
2985946
2974900
2949928
2915334
2972178
3072742
3052185
3050533
3053739
3042445
3047103
3057985
3043933
3003680
2997889
3024099
3062621
3055263
3016572
3021663
3050567
3044063
3042070
3005100
3230592
3237885
3187144
3188432
3232704
3251221
3213166
3241162
3226269
3245737
3285369
3328656
3311572
3296797
3264570
3324559
3339289
3336704
3316754
3273209
3405337
3419458
3349338
3359391
3383367
3414732
3344046
3373279
3353184
3344518
3459061
3508423
3437662
3454748
3511563
3445008
3446271
3496490
3469270
3488660
3658487
3632742
3648928
3657454
3691455
3619640
3669282
3631427
3650060
3622157
3915537
3875184
3915506
3941434
3905254
3899935
3887686
3955921
3875863
3877707
4095793
4134046
4112689
4071633
4132354
4117230
4101840
4102018
4114960
4085456
4079259
4076113
4055035
4070317
4049947
4063388
4073337
4113131
4124735
4919107
4848658
4920858
4892209
4850847
4861729
4844639
4898859
4898486
4860530
4975737
4946647
4956568
5009866
4931959
4958831
4975694
4974455
5003651
4991534
5316953
5309661
5365290
5366925
5341665
5314818
5331527
5348010
5346779
5327073
5591208
5571358
5577354
5609659
5587082
5558095
5618943
5573917
5548948
5623652
5875493
5879837
5888710
5871816
5812718
5836756
5809809
5824978
5839979
5879673
5955211
5966765
5978686
5901050
5902934
5975901
5927874
5963130
5910230
5960059
6066928
6035787
6058955
6006037
6066193
6011362
6037747
6061320
5998762
6039986
6544062
6596327
6569119
6586114
6591108
6554947
6544876
6538855
6537653
6553038
6920303
6946852
6864690
6913352
6885944
6868440
6932545
6897450
6889826
6906426
8239331
8210426
8193242
8238244
8224433
8225935
8234331
8249826
8268091
8218265
8297871
8293585
8282694
8331924
8273279
8278408