62313
75593
11404
75396
39613
14814
66602
4779
12053
73634
86898
47269
85195
67113
11883
62351
42890
83465
54087
51367
11504
53504
39949
38762
3390
57346
21373
52337
44341
81533
62045
10597
81863
45903
55571
44351
68610
18085
79777
86705
74073
13057
47899
26480
17226
82399
38257
74466
1148
53952
82100
14001
24364
16960
83151
25486
9253
80669
39355
29509
31789
45636
54122
36807
340
56496
36936
45144
40777
25722
44672
9936
71541
26386
34635
67354
24510
63074
34941
79405
71404
66582
80944
69308
15890
18906
66482
45611
49070
11899
45418
62065
74331
51426
17250
10131
38062
38118
84691
11249
15003
39339
86614
42368
56179
69684
6623
74092
76740
1716
83713
61268
63719
60806
9103
53076
66057
58863
30791
36030
37044
53549
56099
13038
45768
86969
67822
63264
21236
37935
5142
54717
22799
19675
16041
57281
57560
57377
47362
52367
48527
23825
82118
50012
45598
47797
80347
4769
16479
49666
5646
45555
37723
83526
39145
29604
35594
14892
24879
75881
16298
67695
75690
30136
7712
20135
76710
33694
22791
75633
70270
14837
48696
67058
69200
36025
9791
53739
2455
67083
47352
13289
31371
33227
20097
86160
85724
84282
41805
46910
21545
63144
82828
60458
39094
150
7227
45096
8900
48530
33028
16649
36736
78778
17850
60446
49814
76297
11752
75888
4815
46622
57627
64247
25808
51932
30567
83643
81949
53502
667
77838
64500
55361
28992
42500
42454
69694
32692
84787
10651
79367
46900
30691
66631
71527
80464
81563
45412
16788
58697
65568
51879
30629
30619
23911
10398
25269
16401
74889
17598
46628
70552
71320
46861
53402
79331
47197
54138
38857
35552
15589
24486
54885
60493
39862
73324
87696
53889
62420
31694
35675
19332
87424
68104
44178
14838
40329
15486
72123
32186
79077
48553
39906
25277
67325
58130
61095
22459
57687
49367
12061
87988
72532
76409
29847
34536
52471
59490
38953
35875
87876
52636
64405
64297
15663
86789
53573
79158
16610
12485
83944
77242
58106
58381
44429
70408
19136
86422
68162
34617
70536
38674
66536
44192
25053
22702
78399
35040
76426
16822
73544
57895
9668
73795
74386
26220
64786
86975
34095
6703
85199
68405
66882
46080
11173
86566
10508
73654
64111
70818
67862
19336
76818
7738
36180
51608
64726
18205
22046
19574
61520
33146
13382
32265
72182
79437
37514
39027
22832
34399
34290
11123
925
74031
39616
73692
1666
68514
41006
71770
85230
28518
50617
18599
40924
72278
11128
2041
64181
52512
19265
41293
49486
52515
17422
16108
46482
68444
23393
24484
31030
68498
42050
16206
10992
75458
4640
38487
60508
40697
29328
54709
4876
14218
28995
20199
6770
17022
65612
78727
34915
79537
46965
61903
21076
18475
51627
68008
83397
73307
77412
1097
63173
16650
6534
64069
53707
16280
30711
81302
27219
66478
27479
34399
49244
68688
23271
19055
35202
19446
31838
68128
75331
639
62394
82775
76915
17147
65378
57572
7065
23935
15976
15135
35019
76953
80405
54766
77046
16122
71450
58802
57144
10800
41339
63525
44346
39866
35723
32324
37733
37462
77093
51762
45238
7226
27735
22829
23189
27805
83735
56787
80287
29216
17625
32943
21293
53467
70256
18339
45812
76667
43338
8409
28038
9440
16014
10066
34376
37762
30727
26871
21759
31050
70617
46363
75513
70918
16565
20161
34631
9365
29269
17312
29307
39120
46238
31664
48056
29279
26963
5892
64610
78205
31176
57748
37006
42154
15225
10113
12628
32959
10154
5119
4034
69201
11344
45637
45025
33829
40886
22959
45
10669
12140
35845
21964
87567
40668
59200
46934
38476
85455
64892
53723
33173
48017
76282
18538
20350
51963
83403
4729
83444
66104
28134
29270
34460
53617
56570
72326
13963
30698
57920
70359
24019
20160
57333
20507
80869
46044
39927
46403
10861
82600
7592
13797
65393
76798
10783
1887
61531
44612
42588
21977
13494
2848
69070
59856
72676
21130
81208
59510
17016
11898
17243
44024
80849
70629
51017
20169
85231
70342
65288
61650
63465
86953
64517
7926
12217
69170
31063
1054
40737
16489
48450
22078
67628
45681
51665
50307
44257
84814
45087
43477
78566
74692
13432
34794
78371
69182
32729
68349
54060
47983
23241
63550
31753
14805
73765
81218
55149
34228
81678
71897
66370
36464
27999
2677
35158
19234
55701
78879
65599
4932
65800
4374
83806
17238
68954
29683
82778
44594
84054
29623
86988
21262
17491
44032
44099
35824
19245
68715
14937
42115
2736
16091
44088
67240
78492
25814
39478
45104
36659
69694
13890
45483
74106
16618
75788
65035
58667
9720
60118
6148
43611
81362
29939
67979
86206
83215
1226
9604
74413
66454
35390
68645
54583
10736
13897
67776
2701
40521
7405
64409
52492
23769
23611
47559
55842
81047
72629
79098
61912
67340
56570
49645
1471
45831
46046
11482
8562
15181
14230
7865
79074
79094
50628
31711
46976
28327
55021
50187
8087
14197
74177
80571
36556
85486
3528
5062
76334
14086
450
83354
32304
4474
4605
18476
87727
42478
1477
82256
19341
22881
74865
51250
856
21902
50929
33885
43865
8660
59225
17778
1185
24246
60604
7022
1049
42051
60984
57494
10286
29409
39904
67107
72759
84296
76185
59037
54170
41503
84440
21465
45472
27949
82314
63552
22077
5605
38148
85203
80729
50012
65552
3781
22094
75823
19007
19202
42699
36248
72160
25194
38769
81366
61530
72597
52399
39204
51896
46515
58566
56094
53666
22501
27335
23939
52224
58241
60570
40102
29427
81666
10700
24207
59313
37589
47750
70165
37094
11363
29041
74915
35398
4380
33431
74606
54078
5534
62020
41564
81486
75792
13714
34410
55298
73308
5963
11034
55357
391
36158
11573
22328
14531
79107
7133
85598
68670
65014
55717
23021
24145
76283
15208
22776
31814
83973
40862
31715
40150
47491
53068
56270
62538
15584
56021
74822
30072
52674
16346
54356
14284
62544
78156
82079
29679
17094
9565
212
20216
49958
84670
3875
76215
35377
77616
69644
87708
31121
37333
7351
34778
882
58461
77906
53258
76386
73855
72901
64270
14289
80479
57625
72932
53653
84353
37250
26557
23530
28285
28249
62693
59807
17179
30065
23409
73405
61947
62512
51430
47342
18418
16723
13227
12700
12540
79278
59120
73929
27048
67996
26821
67082
56118
33013
62634
43107
84373
677
86968
80719
42035
10749
42374
25429
26824
11575
50069
32983
44904
46026
36760
28571
54961
40970
38665
76396
31984
72624
71654
35456
33914
53688
67179
169
72987
44063
44160
28491
37114
37891
61095
15765
13212
36389
17808
12708
48601
61042
81700
55356
4014
80917
73050
43285
47635
77852
30375
39026
53646
17075
74301
42339
67840
80152
53704
52637
12645
50784
57895
87396
38703
9070
76141
50293
52257
75214
59817
32646
67552
13377
67702
32788
36052
79032
75223
14463
17800
17415
4625
9876
75450
87245
22199
22887
56485
60599
26128
59545
15843
49949
85200
66885
67279
63688
23255
64513
13461
23958
68353
59704
70704
47440
11692
6948
48655
3614
61944
31076
65955
18847
2290
756
71253
26563
11083
15263
54245
66842
63147
13831
68932
50737
61716
81948
25562
31763
66746
32415
59774
33219
54786
5183
63111
19194
48731
79098
21927
79777
72441
33751
24018
87125
9665
23988
22310
17150
77894
85651
73168
32444
15445
19327
55780
29272
81128
42561
13166
71438
15820
58276
5331
3968
86206
63328
2335
8555
32271
87442
33538
12216
42889
13971
47270
42769
31761
23846
46778
11343
27522
21874
84603
37059
87526
10765
79155
34571
44445
72231
2170
55072
5853
55519
15381
47891
3056
73367
39281
71152
59925
72476
53177
81849
12143
62910
87928
754
50950
86862
51278
67558
56023
49981
63309
22708
34998
45825
48940
25778
82938
9797
75763
59044
72067
39709
64335
61280
21092
75720
51993
72679
78624
50372
32820
10314
42538
65688
84151
42003
63856
83786
56896
66214
14769
58368
79013
63587
43485
12172
22661
86728
64300
48231
7601
6465
78316
17448
63208
87213
46811
76888
13508
21340
83825
86604
10532
60692
50567
40825
53135
21872
54678
30027
69460
16790
33540
46151
64712
69091
51278
84082
42153
6223
51373
24632
21247
57331
21013
65750
69069
15875
77787
5054
27990
34700
44892
57777
41552
35552
2500
11098
14750
35053
63049
20530
54327
21657
37782
85765
51445
73885
84188
73519
57334
15882
11930
47649
73136
49392
55378
25807
81231
20802
72226
76531
72752
19883
49801
31493
85453
47372
19374
43823
79729
63915
49214
24368
82328
36578
8015
77678
67448
5827
571
7436
61807
11431
69027
20259
6002
67376
49120
47624
60209
18530
6189
14991
15021
78310
13115
54845
63627
39269
66929
84991
15371
44929
81684
39240
55174
29787
18238
24682
48686
71237
7976
60889
55721
18492
21587
30414
75361
34119
84807
83852
84996
59837
51468
87872
25938
2407
44165
37687
71926
71893
57623
36485
34584
16208
24018
43503
47145
70190
39096
46003
72199
18539
62853
71987
25558
86340
70393
85645
22366
21802
2001
60312
68188
34145
61128
82096
53502
86758
22451
33316
79007
52780
3801
44346
71109
86126
65982
39332
49139
75037
75475
3697
57541
72972
50868
63839
13729
30107
13475
20021
34236
16679
37751
14908
87698
62539
43726
52472
9173
23581
6876
57468
36926
20517
28170
55350
87306
64915
49497
21648
79403
87363
5274
37659
34697
18180
17870
72527
35988
84127
74570
28860
35467
32228
31650
59378
47295
79015
21963
35855
84044
24781
56034
50703
18352
5309
44861
32203
34811
38917
40419
70816
23135
27611
75964
10533
50061
81143
57383
6509
6990
66109
24880
65430
45275
50939
15889
43470
85186
51676
41477
22766
1164
42731
38825
73581
38664
36537
71874
63727
47446
18092
22915
3585
4338
59756
11545
87465
62786
72086
83514
38402
2929
25353
27766
48334
25424
4080
82589
19713
609
68332
60147
59127
4666
8689
17723
6822
77059
64258
57875
29850
43535
12855
26852
29002
48124
73065
21498
19561
22601
50721
25539
80029
35003
86019
34755
84327
71617
74434
37905
68294
3904
65911
71669
76507
51014
25415
85104
5522
55046
87818
4113
10593
72241
43666
69194
40101
4706
11519
48746
15354
61639
32552
77049
83997
27795
45120
17225
41685
61584
35921
83194
60880
78456
32999
11596
36620
29176
16439
1279
75259
62326
41285
8168
48494
53848
12412
64787
21442
55807
46894
82375
42889
32471
50808
68472
78649
77690
40617
84649
81205
19937
40826
33159
60076
8427
9103
28255
16058
34354
87256
83756
7682
39191
5899
3328
22019
26766
65095
31840
83287
65748
47105
331
23368
42486
74794
51026
27448
30643
68242
73914
71719
76033
34673
46105
67288
13845
52971
53214
28800
14314
40060
49885
51621
54064
22312
49083
20107
83722
53485
45362
30538
62630
84079
84376
24674
80840
25743
84531
56228
74934
8716
3029
35029
67746
72966
77009
25190
70277
47009
70989
77097
18405
11599
10694
59910
9600
11793
1100
38084
68277
43740
805
9312
21514
77154
43970
56452
46860
62436
83231
24808
52719
41722
28604
29876
28674
6032
27170
19242
19469
78578
36804
21088
7861
86329
48141
44100
29992
76992
14468
55492
26740
48164
66277
36945
38264
21586
67316
42071
64184
46826
8385
29667
28512
23269
53569
20375
54316
29939
53046
11870
61829
55418
55232
73000
51804
6030
34838
34011
16017
23468
85898
16191
32317
17177
69271
53192
31366
40442
32970
53705
46816
10486
16550
33334
48137
7945
43050
64504
36604
79108
69816
72964
84945
12657
44543
47664
59574
85525
59611
66410
47271
84020
38291
34488
77739
49403
12786
40146
24899
40821
55769
18895
63052
61240
69073
17251
29781
87555
35825
4105
31974
48425
42070
42134
63210
65861
30612
67542
75352
26854
38258
38753
17181
1449
1802
34084
40474
57792
40919
81782
17259
26829
33472
47777
43573
71234
28235
3159
7163
76636
78976
46481
25699
49926
21876
16552
41815
23847
62043
47652
34907
33434
39970
38184
53697
15976
15791
43691
47160
71526
893
60212
8299
45851
10848
85489
33760
49359
54217
80003
10776
10198
41843
83478
12292
45868
9150
74895
21262
61664
11588
27078
55374
48955
39347
17018
41775
59626
14007
9108
7816
8534
21111
8814
544
59390
80767
67554
69998
85714
57129
27877
63677
63690
85144
76298
38669
37492
5609
3515
57195
54853
61274
48524
25229
63284
27696
29626
32337
80753
55012
35469
38016
34235
45002
54166
25273
31776
28723
27297
49543
42377
67112
73513
58259
64717
71607
55277
82619
76035
79018
7926
45548
4939
40441
4873
26088
2238
71948
68412
85499
52619
58289
25960
8801
74152
1905
85735
8514
55608
42609
23690
44451
14735
16364
44496
6293
68237
24406
80263
86141
69442
38025
48143
59834
37498
32892
28305
75233
73800
14401
427
29156
80186
27627
57480
52112
47506
26332
78896
29160
23285
50770
76743
71880
12326
76646
28204
52290
72849
21868
24098
75817
85658
10473
62341
45198
12664
67877
8255
4481
29143
52615
50887
15135
22711
54342
35032
68194
79342
3649
9033
81793
75718
38940
38899
79141
2215
53715
38974
61212
50459
34578
19293
37348
28653
55669
30273
80993
85167
7538
79371
86911
3356
3032
74884
68944
25497
44482
68438
86127
65964
52786
20974
85420
63390
82348
9376
13954
71538
10421
5894
35270
73733
80456
64731
2176
36755
39263
8603
18999
42525
84951
51847
8287
17749
69231
76322
13476
86448
51981
45807
32800
73910
33279
64599
46623
74110
11009
22731
57406
12608
22704
271
57301
81510
14369
58132
29321
79536
42206
26146
82737
31709
56944
12049
66600
80946
26691
81554
39752
37091
41879
54910
16194
43871
48360
21787
75779
83110
30713
76557
25756
13816
13117
81408
83286
73649
35683
28316
76566
21771
42606
80662
42474
8596
75880
77792
6025
71855
68799
83690
81330
76398
6744
83955
54129
39137
37082
43842
19197
43442
128407
175483
144421
169570
131529
151818
133432
169693
107738
141485
174639
109492
139041
139377
135658
132115
118963
114019
129694
173059
165955
135717
102796
134257
95253
136412
143379
147778
175997
145314
171746
119476
112397
166269
161177
173445
141853
166245
116836
146937
126305
156061
103090
118194
104274
135697
107108
161332
101193
138372
171254
138910
144205
99316
139628
101154
121140
98073
132019
163680
138478
88764
104781
135404
126540
163798
89271
148402
153161
124254
130192
156260
132143
141434
137527
97621
103616
138490
249956
254564
262796
236448
254153
182668
218234
208795
226072
176087
255946
236679
199706
214154
251397
230082
250604
205308
217303
189134
228621
178435
221451
185491
251438
209346
257929
242735
226196
263233
231816
261044
203391
244024
250336
278958
336708
281540
284537
304560
333502
295960
269192
284800
348575
276628
296845
310618
329799
323519
395212
365087
363405
379284
437349
410616
393335
391681
431697
365280
432321
359780
362360
362040
413352
432753
354640
376421
436477
426183
371726
379851
434379
363879
386544
479087
489991
525806
492869
526074
496291
477050
454449
440372
481159
522997
460590
526292
459262
493830
507977
453827
490223
506080
450911
595561
539179
544099
557751
558913
595099
615779
579135
579276
531779
698372
673129
790011
714942
830394
818824
936816
905473
920168
895735
947946
1024424
975501
1010500
1000712
1051198
988830
997823
1005596
1048246
992498
1002973
1005826
1005560
1037505
986466
1003281
999677
1039004
979115
1050754
982622
1051612
993897
990881
971276
1148440
1191582
1309569
1308923
1341224
1371348
1328050
1339912
1403959
1428465
1408930
1575218
1577496
1639628
1657385
1750769
1694075
1697242
1698945
1757078
1683709
1676163
1702577
1791450
1774926
1901502
1882205
1975005
2007414
1969456
1972328
1966848
2074075
2105398
2123654
2156112
2526147
2514114
2552725
2638700
2631982
2566308
2629987
2567369
2631426
2613468
2670267
2675167
2753610
2797336
2729558
2769008
2803305
2876064
2838381
2845649
2885719
2895458
2922498
2958301
2929864
2991199
2941721
2912398
2970136
2946357
3027920
3072110
3012701
3028611
3040174
3194331
3226659
3281774
3286954
3424710
3383895
3499061
3443953
3611169
3636284
3893507
3949083
4130634
4077268
4062346
4121589
4101786
4899599
4867434
4975239
4975558
5306772
5349919
5614173
5552500
5877657
5824981
5936109
5971895
6054801
6068322
6520338
6535439
6923260
6871530
8218783
8248390
8330838
8343681
8717126
8761781