55888
81227
80241
27465
22708
10276
73082
50672
39172
67058
13940
83938
74311
62433
74545
53638
80189
65063
53508
3099
58390
30731
79001
46213
77704
81197
41093
66015
10583
9041
59994
82524
76928
22165
25331
3491
22102
46358
82217
7009
70895
13634
55496
974
7617
77302
23359
28064
72135
80304
7099
61766
63776
45300
56526
21992
53874
72688
55393
44715
17878
76616
76595
82750
74129
32366
9713
13695
16619
42994
80252
74944
50149
71080
47502
37976
10072
58203
43010
63733
947
47233
35761
73469
7350
82172
29641
64197
26784
21726
11153
52634
84237
80135
57826
81046
35416
86518
61934
78035
60681
50366
2536
66997
77311
20981
8022
53014
73592
72456
38861
3260
1407
41007
30225
82976
50961
31443
44999
25643
28467
32605
25070
17491
65157
82213
62396
56665
87469
75154
27706
44227
15356
48425
53917
10333
73862
76347
46015
56931
29552
74884
36793
85698
2418
41781
49562
69404
5507
87731
12692
62861
74875
12767
14181
75131
65153
39683
10559
28547
43506
2219
39975
1343
68351
78482
21333
62965
1735
51211
60725
79544
13875
13599
74961
31760
32270
19733
21673
71117
90
60419
22445
51451
82062
20970
52214
86932
74578
71792
49241
78807
75140
62444
68461
75497
18774
30704
38534
74954
47074
60375
72774
10386
18163
79562
65869
70462
4717
7213
81944
78646
31338
84398
18514
44044
5591
34635
80338
13273
681
37327
6701
42575
85624
1499
34295
45737
57229
80738
63684
15416
3575
12142
36766
65791
20556
30849
55794
62839
25683
58277
39093
59661
66083
62070
55220
55721
46754
50682
1024
35158
14828
28459
61543
19781
61161
65534
35666
24113
77580
11904
47053
52482
78521
27491
43829
53330
57433
38500
34553
30363
75315
15736
82667
82152
32411
34145
59803
33034
44649
56960
65717
35228
33771
65494
59724
51700
51019
25834
63571
30012
37681
41184
15871
45758
32979
25440
35472
3945
54131
79009
57551
74627
71620
8295
73305
59084
71327
55876
58410
9991
58025
45340
2959
35533
75845
85343
34716
85625
81090
73836
30905
21390
59262
70494
87886
3948
42393
20352
40325
75554
44907
50411
51870
67770
29767
77011
12070
5799
48209
51083
72911
6178
25793
75757
21077
3861
34381
26599
83180
42599
54993
59864
69779
75730
75109
44814
10103
75757
79594
10544
15164
34817
31319
65036
41272
60145
10487
13895
46208
70110
76485
70425
53954
74752
61401
86791
65958
14408
24041
92
10577
65252
51851
39642
14873
17229
24331
86533
58817
67699
1349
74487
65161
3520
35186
20726
17536
15377
40871
2478
61711
3571
42023
63752
74969
74759
24454
66489
12199
10362
65946
53950
67319
69733
67899
77494
74066
14926
81834
9588
82070
38802
86561
64901
79503
42527
32624
40149
75511
83248
62183
87189
80821
68387
72937
38795
38962
80275
19342
79302
25551
42359
15354
52382
82887
73517
28337
38140
5038
78103
15086
23079
60270
86238
4960
23850
73791
58370
66717
13974
17277
36608
59514
87853
58494
78934
19824
39647
4811
36355
4903
16804
39747
27093
49258
19975
7564
23515
62069
42951
2899
82533
21620
46422
65900
62648
22899
66864
73369
65824
68845
83478
22244
74513
24357
53618
66862
83166
82992
71205
63248
9187
73188
47800
85783
10764
59075
50905
1960
59770
48715
19494
37258
41463
3229
12166
47275
13563
21869
17796
68639
18399
23939
61721
29149
5742
6379
13324
66157
13387
4338
55790
14703
54759
85879
23764
25966
4221
32323
20395
29552
46253
61106
63763
37153
16857
73660
15333
37903
34754
74490
11452
63345
18306
23794
73087
86958
30722
55584
920
87689
28939
82028
60166
46951
56253
20038
46516
87073
11661
10554
66284
8875
9363
9319
39892
505
10739
79926
44612
61869
1645
74439
34671
28009
86701
43657
56574
74007
74944
27584
25345
36587
15714
72813
7849
297
19934
51087
48293
71408
3320
17593
67301
27350
41293
11123
30020
73278
47263
26490
28578
59882
9189
16382
54667
32756
6938
6678
16037
18271
256
51547
9625
17458
27314
4932
1284
48573
4707
81463
47773
13076
78885
77104
67705
57881
41650
56493
75219
33654
15428
22244
69162
6506
59018
36438
3949
86787
80397
58098
20017
85295
83910
20966
20042
37628
63497
6000
36540
58801
86182
16023
59856
72469
53621
15209
43169
50365
4018
68949
4197
49567
44727
5556
9672
38002
40443
72321
73577
24663
55170
39033
10884
37741
3150
7703
57348
72052
10611
28260
39833
76951
19765
52691
52659
26938
21887
17499
24417
41924
74970
66301
70414
58731
8043
6624
27465
37412
4875
68997
69162
39432
20842
44242
53570
71804
34433
16328
59534
80124
47364
14110
63499
59419
85964
86479
75340
42088
35771
18679
23448
46618
44304
38971
31589
68909
73891
42357
54773
80237
33935
14527
1990
79669
38935
65811
41859
77907
50324
69863
45995
35888
64288
66502
22162
17353
40877
54524
42862
49857
11446
36262
76542
54023
5379
40002
87673
78983
10288
73245
19578
40498
62624
42583
72631
43208
23518
8778
18138
81412
24139
29535
61114
36170
70215
81322
28575
25404
72396
24232
33057
67630
12394
65365
19943
43306
6402
65577
58150
57557
61215
66104
63371
68543
19842
25274
78723
3767
46227
8028
32486
19039
13298
61354
63411
26166
21147
2194
86038
72383
54331
81886
17935
41730
63565
35816
59713
84977
76706
14035
72499
54574
73921
68032
87109
20825
24549
5782
63466
23657
3559
50373
10972
64992
52656
58041
56041
67365
21666
2834
85034
47333
64808
20040
54968
64432
22739
322
43831
54513
75806
69479
25187
82501
2456
60003
57229
73392
44252
48996
44634
50234
29352
26310
35892
55368
12601
81447
51274
66330
41037
28086
5584
61788
79597
11221
48729
43462
59394
73534
3492
67892
16671
81320
82751
40435
8488
8738
47386
53023
38133
30175
67156
10074
68918
4372
15827
52344
42443
25688
37501
74686
74175
17836
82562
23709
63264
71873
36281
68270
60984
22601
12615
55504
30891
5661
1837
34811
26877
84882
10895
73004
75144
56223
48481
56002
38091
39717
25908
85607
82896
17805
62872
5547
10063
67748
83939
31107
19956
57383
57202
67625
9033
78216
18404
55761
49001
50982
33752
79491
36260
83904
9174
5774
80167
31756
42941
76137
35214
85369
58623
74088
12651
24593
24743
50579
58571
47809
33271
30215
11981
30802
8161
3574
72828
29883
62054
74475
16064
43734
85874
37363
18354
9814
70800
51924
63916
11336
80293
73670
42342
9659
9194
54977
50035
14970
12442
356
25370
33438
87501
31323
87601
14891
25862
56712
46644
11589
58348
1620
73815
10908
3934
81455
32509
52361
31637
28010
14377
55947
24493
39570
79927
76084
55101
79393
73027
40678
27344
57932
31528
22798
32377
14636
52312
12981
36900
17879
28487
70464
49961
17208
56272
55609
52379
67846
61744
42301
60235
70064
51900
55206
24668
43461
75399
36792
19443
36940
9543
37408
56385
3147
77665
64606
62132
22711
41819
60978
8001
80275
6074
6017
76243
74994
35172
33178
84162
45955
78396
11172
62071
23878
79648
35430
36689
13823
75697
79768
81954
70699
49821
68251
50748
65450
69329
65848
29485
13603
48617
8712
15147
62155
2338
68120
14392
14804
22338
66439
2056
27097
27753
12511
76163
65882
14269
42760
77227
74182
71281
32387
30396
61648
62629
2247
78370
84877
50179
13030
42294
32080
48394
5133
5816
41092
46302
5738
75006
40433
76098
11705
49648
41443
73165
41800
4008
35181
69058
9355
41804
27421
10557
19956
37793
76640
74736
81813
76427
3325
5032
38963
24061
72919
63318
719
8160
82545
70852
63105
26226
16400
21074
44084
67732
43336
43063
18599
79894
1016
62389
24144
12250
74764
78801
61318
85583
14115
85249
30842
6082
5368
25810
35147
55145
78538
76799
30315
17993
67974
83213
28990
28188
47744
5283
2740
64398
86873
15612
1680
16480
82105
76226
13569
12140
15878
51313
5676
47166
39264
21795
80930
19437
17124
47757
55426
83284
38723
6420
40548
37052
78471
86672
44274
19254
59241
22869
43632
63301
69930
53596
37215
51658
8096
18846
69238
44227
54246
80673
30212
8596
55311
41651
17029
54818
84122
38867
68702
71963
48
75113
85575
24433
74132
74139
14552
39785
2793
72007
4140
32451
71107
59165
66471
43389
74198
46252
48756
54882
8895
1581
86738
65207
43936
84515
3656
75785
19203
21255
12788
83994
31583
1126
71813
68927
86306
46782
81694
72414
47466
78459
65956
7658
35810
75545
3407
71960
71411
82991
87656
13788
923
70031
18699
74013
1072
60175
60968
13910
44688
52560
10607
14973
45365
76522
24957
34161
64082
87631
4874
66323
87297
57497
51180
55295
2998
39164
74277
21968
11460
25265
87680
60894
48218
65159
11913
30657
64935
42378
8814
54372
51948
86984
62391
30174
444
66382
72786
61291
29408
29415
8002
17991
85717
44683
86929
70513
74220
52261
58106
47730
19052
43615
154
83950
14934
42111
83122
33890
9246
30363
67684
54569
47786
48724
16723
42151
79119
25988
3309
42237
37808
63882
37770
52015
62981
30089
25807
73272
5622
44396
46420
60586
82807
5192
56929
79278
64844
50371
78665
2093
47808
53717
50787
44716
44676
23145
56983
77294
84867
31531
83720
30290
32774
85723
53758
12998
73285
80034
84032
1401
21408
1056
6634
33889
22427
3885
34265
6974
63106
67818
27867
49841
84797
82859
16958
8403
58380
83140
45841
71356
62224
4835
2270
46925
20291
69463
83773
7200
3690
60244
85447
29346
76244
11345
58631
53000
51423
9855
75678
2625
51556
64553
28542
14454
54526
27323
72894
23519
64705
58911
85785
69846
50576
26513
33692
76492
48267
73864
19939
49297
79479
76479
57680
47121
39607
48898
54647
21283
81831
25678
1806
19307
14187
21697
20171
71139
5641
31605
14708
15901
18741
2482
4486
78670
26775
34650
60540
4484
67084
74363
33000
58937
80945
69865
79583
11256
10438
68496
4725
31033
45733
63985
21792
51139
36836
64158
45045
39683
44736
51640
39430
58463
56430
45308
288
19039
29709
14266
14736
30310
53626
52666
77185
85580
67875
27517
38749
85372
87681
63855
1870
33040
22455
75097
69959
6531
6239
78248
62131
61053
37345
62708
61585
3654
65401
82732
51124
9192
70758
61273
85671
67930
11557
76057
11804
34529
5043
20832
62146
47129
63157
36489
21420
4859
18753
16886
45877
10474
78222
28360
53810
18355
54977
12399
14302
68587
70571
22402
68868
76095
30775
68592
71752
38321
6232
7802
16580
29329
55839
59835
7880
3059
8164
45406
17622
23435
4791
50233
72089
81372
69661
87099
85974
70416
940
62311
53394
50235
49089
84619
79893
47705
32524
30141
16031
11742
7124
947
25244
27833
79498
82735
12064
53990
37485
2882
76047
61295
67286
52627
79296
53652
64260
78375
67540
77106
67237
17306
16602
34989
45428
66477
16410
19421
6274
42562
41014
12444
46362
51507
79883
39894
1456
75580
68134
41507
78194
85937
53200
26023
64298
53133
62063
84746
77226
27537
34836
7492
7758
40383
53025
5868
39915
75868
31419
60033
1161
1175
39122
87530
64024
10700
296
38609
47218
37068
53280
27349
48776
42337
63323
21498
10404
75987
4827
7715
39956
5076
40064
72711
36557
28639
34443
77816
49278
54793
51018
23929
67677
79898
80163
16882
53478
37153
33659
38033
45988
50249
31250
64875
60254
56752
85137
72393
34372
62749
41939
3604
78563
75129
36795
22213
86459
55170
87736
16047
8631
6147
67242
74499
33980
72458
25735
9243
63783
54932
29052
14139
16954
15420
76979
60616
48308
82306
85651
30063
66421
64491
3482
65218
71035
39768
79325
54535
51754
15722
25922
7992
3137
27197
63723
30827
77120
56942
72732
65174
65404
77245
76715
22087
15835
72284
35636
5405
6566
83749
87713
53443
1788
54740
57304
66907
79253
63470
54724
75426
29038
6589
81058
43615
76048
44668
76300
65675
17889
43198
10175
68990
67920
65286
59420
49968
26556
84143
41182
46675
17634
68784
80301
15364
54268
45636
61979
39058
35372
74453
23628
87510
45284
37401
32755
64041
17228
45077
4732
22050
86652
1299
38943
5698
26069
50804
52091
49174
40140
52472
22114
29196
37877
61443
61558
17353
62005
77294
71007
69404
83612
3172
48124
3912
38880
41159
4560
31159
18519
29126
23771
63073
61080
65538
84084
28130
82154
32858
77412
19782
62169
61829
28011
49947
25698
65116
82036
22307
42873
64947
79024
11836
11270
75277
9281
54001
46361
76407
10951
19075
43492
87900
724
12138
42118
38285
3842
8712
10688
85131
17021
22481
49589
27671
30548
67792
78070
16860
76517
79997
48960
34556
77157
20461
9839
52261
15756
63471
49766
43591
78754
20519
70213
7127
43742
13911
34632
18719
69145
74142
65946
83652
75916
80381
83001
29563
62000
69685
32680
75761
86524
51233
5381
16994
2943
38313
5366
7593
55255
85416
11147
79610
86766
59652
77627
3791
33511
41798
80002
49518
33185
6046
72679
54269
49567
63455
37411
65172
64947
27398
14067
78953
6695
52853
7729
18672
40025
19760
80736
52300
53143
55845
43043
52146
664
25536
85628
25592
2418
48792
6652
80362
43470
29025
28407
10170
2701
14988
56872
33482
30212
18100
16879
64610
53413
61242
52553
12020
76645
57932
20108
73625
13121
16588
22704
53661
77217
9805
9591
40623
86053
738
34228
50994
18930
11663
63298
26848
60179
26471
305
63323
684
59054
83000
85805
82290
49937
17292
21358
5299
77588
68257
42193
42423
85
47714
10039
42017
65550
61984
87863
23320
58925
214
32006
73071
46783
66980
67074
23592
20983
36838
75885
67841
87084
5604
52066
70083
56429
75765
29699
20728
64538
46339
36879
13434
33856
59041
4502
13204
31794
43515
69465
64803
79973
47134
41370
48773
58831
69292
75202
43474
49933
46346
20814
70863
20265
84524
2828
84003
66257
12939
56430
6149
9609
6979
12962
4311
60148
7126
43060
64431
51200
63273
44961
85661
14640
47449
1139
55153
71583
81077
28389
35802
68473
73018
74667
60865
31186
29279
83649
13187
87223
75310
930
22690
21708
43173
35886
16231
65991
64017
47261
67081
81786
86687
50028
6047
56518
20690
19644
15379
70617
20680
68028
10523
42787
64185
7247
69541
31830
53000
68962
66375
12948
17622
41580
82062
69383
26448
66486
32796
21777
53392
61571
70190
43156
50278
35426
36181
69273
40440
32309
1204
23371
33880
38252
29108
11127
44675
41708
25143
14225
2436
36425
62100
6790
42631
58195
23911
20979
20927
67038
60253
812
54336
30578
6028
62008
48751
25671
59754
39899
14337
68959
67694
74165
34860
71190
87204
18618
61736
26928
31786
59079
23205
27070
75265
6530
46634
59849
7639
50399
53842
8314
20802
36018
9353
52988
55067
4153
57358
66342
24877
7647
22604
33889
61056
36180
9924
54092
5910
48972
53070
38899
53960
85816
21336
65371
81162
30424
2592
40649
41554
9903
68439
32561
9879
64831
15723
53085
38919
81024
48909
39423
29888
69037
36462
65669
78293
59590
21768
50075
36277
75080
2826
10541
16622
22894
84270
14185
15017
38848
68610
15717
20868
1110
3619
69962
29781
23110
41693
52297
37119
60163
80785
48637
39399
54874
82795
36820
38494
85431
21953
70044
10095
65209
2128
59285
33304
66020
31344
19099
60274
30715
25885
76407
3652
87907
34534
25378
9181
7990
48707
87679
52291
21472
2982
4827
70995
62678
19387
28039
72263
5469
67076
9236
58820
60738
22019
20398
28540
27345
41095
11109
64814
55976
76698
22974
21901
34602
82126
42749
87007
5091
75643
20530
31160
32777
86015
55847
42303
50574
19086
45978
71678
5154
38183
80558
52386
14317
65529
25316
61728
30003
54467
46503
73850
17413
65803
87861
4984
6084
73386
73766
60422
41978
16386
82268
15445
11623
27171
20423
10623
20118
41002
21857
2077
60831
22243
9514
3350
24995
79014
46602
54439
68608
19564
52124
68270
8720
44497
72419
4449
9405
33206
35286
2027
14534
77423
47975
78956
12146
71617
79633
10909
22526
46905
37387
85756
20788
26339
76268
35658
84625
55878
46472
52365
80036
6528
53873
42332
85305
52219
45397
56361
37429
69163
26932
15216
19193
87337
55467
30866
80636
68959
77278
82707
51731
55669
44560
3357
84499
61347
15451
26205
73583
53946
37231
52569
5739
23519
38668
34283
3164
69544
76296
61288
60319
51655
45973
39206
47963
87313
76527
81124
59336
26581
86979
86848
71423
14592
39186
83070
64444
77916
6420
59700
22550
23518
85987
43403
2424
1015
75248
24806
70008
37642
77317
14582
70003
9283
69923
79378
25892
364
34423
11642
31932
18743
70072
80439
20912
44608
14889
69146
16004
44400
64666
17128
33640
64596
59266
86705
15445
32265
35086
68965
15699
16430
46349
7825
83278
321
52739
37221
63356
38895
70055
52781
733
1941
30147
39573
3296
43027
66922
69273
37857
79653
52312
3354
83420
1387
78362
39111
18279
21397
12949
44639
57142
32672
57546
19021
25192
43155
10444
3762
57533
21660
62300
39268
78061
51433
59577
36605
41411
84326
65522
34704
29637
43931
19354
72076
30796
48925
77005
45633
71126
48525
70421
2546
85134
46748
14476
28301
26917
48196
70887
3157
87707
14861
82933
30453
23353
47318
3140
23871
79920
55677
32116
79170
56348
16063
78533
74712
15549
23671
19672
77245
51590
83478
4270
56182
86550
72912
14659
27436
37792
35064
16394
64660
39122
24219
48203
31720
27222
56732
67898
4450
3559
3061
3451
82120
21317
23344
86610
54364
22527
10289
8011
37288
67482
412
15585
84603
50354
59285
9551
47129
8364
3422
30839
15835
19785
64186
72738
20716
19186
56029
84619
71759
73843
19984
6849
21313
55831
51616
17739
41519
55482
40414
64164
85043
68908
82906
87464
83325
65654
32797
21097
24136
59730
70857
60516
60852
62853
57199
2038
87834
71179
30059
81340
79987
13747
2593
79473
34959
67097
14702
44055
21810
13628
15871
31453
13370
41987
833
83494
56489
32412
19459
57261
47364
61447
21516
63166
42548
40429
81801
22698
9110
85814
32984
65850
75950
1053
57449
11239
73638
46280
76036
78557
32510
14523
59081
76470
64324
42168
49011
14856
59832
35110
29044
64797
93
60831
25879
83966
30089
27200
26157
79193
85729
85671
59729
16008
35045
86684
79841
71115
6101
2662
10294
85543
81689
45618
3192
34387
19348
83939
41449
47063
82645
6277
53981
53109
3149
26642
39668
56523
1659
67685
35653
11382
34347
13448
64848
42238
16358
54372
48236
4646
65116
62851
55431
55090
76215
86890
32038
27698
6648
45879
17867
30407
18248
45335
17903
86616
40622
29621
55575
45701
22117
43871
3919
35664
70884
51248
14597
57184
58608
22623
25135
44346
83914
45032
3044
67958
54534
39856
32602
42840
64936
4610
27062
16410
9325
31180
24329
10188
48416
32953
37342
55577
66341
52212
32563
42307
41860
42335
5270
57050
19945
4421
52797
24521
84090
909
21311
50813
13493
23132
74966
15182
61492
50734
84709
78815
47175
79002
66406
1037
38245
40189
73212
14115
55681
83983
82512
15419
36820
31726
72788
3801
36758
46859
80508
62118
65244
74801
16258
30828
22753
65948
69050
87006
38509
63455
2017
27644
57076
45726
45730
84003
29923
57193
48738
274
49568
65498
15317
44889
42378
34489
75521
18660
48
61208
1152
25243
18450
49368
80036
46719
80056
58355
87547
56690
73316
93
20505
39766
49403
62963
13590
22824
52964
61809
423
68908
68262
85214
57420
21147
54301
3167
46783
11851
51471
49290
78573
40766
24331
86993
63391
36887
26953
51988
80053
32238
18460
69991
30986
126
83079
54275
17702
28174
73440
39173
78324
16020
19883
72744
26305
13640
7240
73006
85097
44101
51048
2889
43752
13099
2528
589
47365
78298
57340
7702
81861
46186
74709
4777
45309
66850
25595
47764
47960
4308
4382
7201
25286
4856
2405
36402
21696
63001
66489
36648
18880
86088
54470
26901
21817
36957
87203
64621
60558
16459
29126
76740
84270
50375
86909
87742
56660
39063
25063
85418
13268
32686
8822
34261
49393
59466
31043
39115
67353
4834
51293
8161
83672
74986
31651
73339
45132
948
33085
13824
55048
50823
42549
68671
14966
9188
23713
45754
65279
762
67833
26824
68741
66990
73931
34081
48600
8928
28716
67253
62982
46716
13602
41378
85108
15624
52425
28061
44785
45906
78425
17388
19154
65209
38708
39569
8331
55001
34375
38485
21994
13538
26182
44250
32224
74273
47484
36771
84245
52527
31731
69008
75812
56108
62958
24385
33177
43773
23298
78404
66825
85304
928
81486
81888
68849
77194
58664
83162
31641
67833
73600
40078
11942
52060
38580
38923
1559
14633
49616
40243
22329
33921
76558
21183
77780
18470
25076
45554
46151
54565
43334
10169
83235
27791
21546
68743
15953
60019
7476
66047
75141
1079
77851
18257
12172
69534
81045
81092
24748
5338
37403
68683
15899
69147
51080
11949
28422
87
25092
65833
46823
5195
28845
10902
77548
85777
1412
59390
2679
57562
12232
48306
24868
5972
69963
77500
61584
35590
73082
38208
82082
80903
35507
23750
15926
16447
11151
15954
6376
66134
49082
34275
32504
1306
2908
66165
80429
31984
45289
35241
3108
48816
16322
37898
46069
44607
54513
81148
5627
51370
41349
83178
45875
87159
52480
62561
72967
16263
42582
55881
18956
60879
65841
57471
32182
71303
2469
76012
559
61141
70395
30425
44652
10351
44707
22825
58868
36918
80167
3707
67477
83666
83249
64970
34527
75068
1639
81932
81862
39422
45530
83309
31933
83147
57046
16615
3402
62422
84256
81805
46
24806
83025
23160
68131
64387
42155
21956
6241
87765
12911
3085
77622
12641
17443
58862
75419
76848
30410
68783
9594
18559
6624
85703
53423
4847
4624
18227
667
46766
36870
77366
43253
68175
6315
64698
54460
70455
6321
34380
48978
44229
20385
19571
31904
59270
25308
78551
31158
7662
35032
66260
51958
29790
15905
5644
52327
60960
48015
43298
85320
31485
79721
77151
12297
1796
23275
68244
68097
87173
51623
82783
78590
9379
47831
77299
48101
71031
61103
34439
22248
50638
24612
37791
72487
83384
71554
38316
70086
19860
36786
53638
67049
66291
87101
24755
51535
51830
1145
31960
85153
56220
19148
81811
25691
23294
52578
13414
2732
8966
17432
33999
21463
827
37964
17417
1312
8697
41511
7437
20541
64699
15982
24610
20427
39671
16195
87924
17153
28824
50395
70890
23839
69810
23077
43357
26378
61725
73752
53286
22061
43658
8276
39944
67391
32866
43444
65565
47345
26251
17830
40518
27128
78734
5652
37754
71463
37067
76038
45649
71825
5471
10640
75222
57829
43211
62983
12763
47768
85478
6227
48104
37160
15367
26360
43141
3178
46097
85624
74236
63670
51887
82375
25480
45719
44773
23613
19027
29843
52348
52298
41552
49507
78040
15357
32763
34701
51779
22225
22044
87372
35423
6823
56959
37656
15470
41110
73139
34117
1608
48219
42671
62055
79744
72931
65013
13519
35198
45018
61598
32014
63691
46221
83785
11632
45920
81228
78499
53995
38063
81241
37974
22561
76403
71316
48699
48163
65632
83551
74078
78016
12924
36499
85410
20034
49593
1401
51547
29843
15298
24450
4219
58843
85874
38446
29509
33952
14543
63646
48457
79443
15899
6808
84521
25024
84053
66228
17694
25283
70380
48381
61499
78376
86630
65761
16476
71230
60466
85618
68211
39904
57187
36306
64710
14480
61752
58136
83943
3530
77957
78872
55725
52584
23853
16956
28457
6531
54716
9688
19933
59709
44950
48226
22703
18779
21964
30506
67447
44867
54084
62179
702
60837
81117
86732
33950
5390
549
26411
28667
4930
79610
78597
26010
49015
36411
6233
23518
25434
73051
70572
38271
21618
75479
55527
4413
49924
85542
53116
6496
34422
27350
19256
27512
23284
44673
23311
40028
19728
29038
49476
59236
55084
23510
35262
9489
20638
77542
2463
43859
4720
22841
29528
62757
14948
17086
31510
83006
41008
53590
31877
47650
87300
29648
54914
26386
30178
78950
17405
70866
58619
14406
85282
83226
78305
45423
33569
25633
12573
39264
73455
16219
42993
3824
65369
18506
16015
60993
26144
55424
81789
32393
29332
52828
16557
83661
38257
23862
13127
33166
69809
66608
8620
55604
41605
8222
5853
51908
11175
61621
40571
48045
79927
57738
51317
40736
64432
59417
63131
62082
30787
37256
86961
78200
61055
29257
31604
64252
34909
16471
15937
22888
45051
4306
22110
73567
20739
47098
57208
23029
38521
15194
55135
13446
69601
57534
15780
63043
49807
39989
7286
54266
87779
66012
7615
63787
12562
18739
11200
25808
9165
78150
72869
75640
22595
85721
84553
66886
82868
39102
15544
39183
3657
69197
84655
59345
50054
11202
28446
20329
39980
38468
14444
51916
45128
4620
66602
26663
87148
1803
63688
77243
69051
81384
67414
59154
72051
80635
61129
47735
2505
3475
42575
12785
31415
63754
31116
74102
30864
36280
87912
78557
30417
10936
82443
81728
652
5331
81766
51547
29244
11770
63699
17003
77216
15149
57273
74800
70188
50681
67641
31827
34264
41958
58092
866
14094
51273
7429
53050
57665
68167
3917
5411
33015
36307
52570
24885
40149
40868
38209
31983
84971
77046
441
82206
10866
85868
53416
32697
80765
71583
63069
35566
32165
5849
31180
31339
34444
74708
71239
31033
8391
19021
1114
33275
36277
56814
64898
20704
61380
1505
67541
85839
84567
19796
70685
66962
84916
18586
57946
69349
2231
11540
3118
61334
12868
11233
38417
45238
53700
22692
60503
7159
21166
14356
52168
83380
2671
49403
9231
75958
59049
84134
53001
7118
17337
58329
9886
21319
60325
21077
45916
41543
40480
14865
65243
53652
31248
44802
65336
28878
24775
28474
35103
62891
29904
25526
33486
26347
72246
47083
86321
25820
14744
74435
80501
18293
70514
35526
22315
82423
87467
72093
15719
40582
24523
39789
67912
42321
23051
2188
13634
29141
42841
20640
78144
21703
49184
12293
50936
38487
2162
62559
76004
31227
57137
36078
57218
54070
32462
85104
65849
49198
37574
20208
12018
26973
64708
59316
8284
38743
22539
6749
2469
33074
49512
76434
60623
20580
45043
35583
83689
80088
55283
41815
71109
902
21903
51496
35688
82784
70545
3544
17573
6989
36955
13201
50529
86019
83723
6677
19682
72176
70152
40725
23134
8222
52031
69197
56017
61363
60472
87168
35580
58035
74261
25689
4050
57990
87605
32791
33730
78459
23216
6464
74240
62236
18755
42520
74140
21947
45589
50021
42122
71897
538
85423
41993
62704
12924
50939
83281
15870
62418
61316
44719
2907
34347
71395
65714
14407
74828
83257
17152
10652
54313
78071
32801
6594
12155
50888
69151
38091
48939
23017
12816
68396
71782
19141
16166
77880
76127
25419
1853
4491
27002
26152
10153
66488
31664
15863
17227
87057
16095
56274
24437
31530
43606
54067
31397
14458
51329
46637
36538
64014
57731
62680
16855
60956
1860
76804
61139
76502
79377
36096
45147
73367
64753
57007
61748
64600
21052
58842
25741
76356
29335
34536
9754
13404
58623
31644
55162
21833
46435
39618
56715
66727
49646
32587
21529
73488
22474
34807
10458
27228
10910
86030
85833
65534
63730
78217
84011
11066
84313
42616
37515
47222
69571
16743
36720
35243
67191
4811
6092
36078
19147
10672
69981
58922
83583
13405
2393
7884
50539
83893
18358
1083
13580
55043
44255
45316
60534
38872
42826
19074
10453
36115
78143
5273
87436
21274
66520
66924
70403
28324
83632
25245
46914
54524
42141
5080
83991
72461
18846
55715
32904
57566
17399
66464
50330
27154
28047
46114
47322
2288
65295
68655
42402
84978
45306
34831
64072
67519
67698
77812
64733
71696
63176
2410
87214
4020
49782
2752
71191
68791
86409
10822
74541
24414
39073
55085
77920
6251
12050
86408
70512
5611
28085
69034
63359
71470
53944
2145
35926
82946
7993
87126
57861
8313
47892
44590
62238
25010
75595
1052
38181
80853
69686
73399
77799
52469
26870
63256
10467
8059
29237
62153
7230
51997
79422
54532
41991
69138
13477
48334
19352
42099
3019
42203
34557
15559
63514
65246
66827
78975
59534
7820
62555
64154
84167
66118
76899
74406
80968
82962
15143
32463
79143
11592
69570
9595
42039
39965
41915
23600
30615
87362
38081
81227
48686
33492
85581
61187
44240
66767
20757
70380
39914
14760
33350
76295
10059
25665
463
7719
36405
60761
22256
63983
34777
15591
6329
15084
69072
34126
62160
84252
49212
63149
16814
33231
14130
78636
36387
68905
24995
65486
28273
14888
1503
324
2041
53702
29353
48415
22567
78345
51100
2894
75551
81767
21252
74130
53632
51882
80824
23117
36975
80937
22734
54476
55761
20804
44035
10968
5075
78623
21482
18932
44959
43962
85879
12403
9444
56892
40867
53154
77234
31867
15828
8110
42915
2469
49840
24747
42683
82442
2322
83156
86078
2053
39143
20326
44876
70603
43102
23133
79720
18179
22488
59691
14269
47082
18638
2640
36519
52591
20962
21981
46368
69671
73995
9531
31824
71954
66012
30791
60537
29893
75513
71015
21995
44171
82951
8288
80261
66635
66114
55336
740
7207
82733
63554
9939
52517
56532
36790
4036
68460
32005
67172
44999
28166
11915
16915
33787
56679
81167
49336
16120
13296
27294
30195
78097
85296
72851
48155
84555
11868
78955
83816
4617
66568
63614
34060
53024
79785
37031
66022
26884
71720
37106
52648
49147
81043
754
6877
16173
86502
21577
44505
67942
69684
46272
358
77372
51148
38449
7251
84539
19664
23071
63127
83748
68900
14501
72830
8360
13859
80346
56308
13180
69594
59362
87493
6540
35818
57055
35708
35959
73117
13891
80769
71744
82443
49067
74504
64326
31873
40402
58773
21528
70798
34125
15516
79362
69093
43311
77053
38615
84176
62163
8509
16697
12507
19947
79986
27113
39514
49476
57048
4546
46031
52874
9863
47541
15813
72642
16031
71737
48931
21802
40387
59740
86700
84036
62657
68924
66000
25930
48653
68173
31424
85623
42905
25034
29291
10890
21794
12942
1651
6438
5644
22840
54468
24427
29538
6614
40340
22108
52518
45679
82308
77713
24648
29449
57159
48145
74304
58966
63779
87521
42758
43074
3097
32893
80765
80399
32515
14365
32224
85111
33626
49395
45052
24236
86348
24912
5319
13516
25263
83286
9747
2412
39914
74388
10041
24886
85068
68224
50104
56172
30594
41848
980
20118
76751
3931
56538
59648
30952
15126
38112
54981
34643
21327
48420
7292
17506
73838
63724
39195
48509
55217
19032
42321
81356
79073
52762
70536
81849
29257
76465
69984
14845
75287
65685
29481
86863
54743
28422
45018
60486
62676
36945
23647
66282
1622
65392
3728
73277
10307
17362
64779
3490
15905
17238
86114
27752
7529
64528
22309
54254
15625
29412
33486
22442
81989
5301
14720
50625
77481
74725
64382
52062
59769
25124
9737
22579
5416
54139
21713
19359
65241
76642
43419
81515
43741
29621
31183
51220
22731
17855
56106
76114
78770
50718
33274
8766
84836
75355
27426
85082
51829
73172
60032
23248
81978
19195
74185
30129
58047
83289
54505
21305
75148
8081
7664
14030
78916
80210
52725
8404
59882
54354
42917
22047
38990
71190
47768
22617
79477
63170
80633
70321
33832
70458
75161
72754
44882
6667
1259
43616
27637
78822
38263
85657
39064
4330
25089
81997
74709
42676
4537
14805
41287
25477
49795
78200
79993
75264
64291
7468
82381
43308
3708
69761
60525
47791
74029
7689
38513
55211
59732
36644
51074
10156
20883
2823
69735
14648
74386
39275
49603
47538
72604
25421
25535
70952
1575
32775
8312
38026
46566
50339
58271
15275
80149
30557
52565
48051
78873
52194
55897
31474
40275
74071
16379
47607
18800
2975
23619
50386
63494
45243
52500
87142
47078
85723
19091
74253
36926
819
16970
47772
87001
71094
62456
65686
8189
57601
42350
73157
25620
50355
24871
3507
75348
78704
30108
52437
45509
42128
48271
27469
73152
23024
69349
42423
19407
66457
10482
70367
78341
19215
25365
13963
79120
5359
30493
62115
20726
17152
79343
2860
42807
61200
42169
35633
38797
3830
58137
49974
14076
30556
23343
54259
55621
66021
10352
1531
80804
4549
13552
81408
10383
46174
76155
30360
14338
72410
49520
59813
72143
4188
87399
15197
49948
83267
83121
70327
83391
71411
56534
38179
18391
8038
65731
31554
50859
66772
76924
87105
73855
64754
79575
76673
69994
4339
72489
87582
21900
44198
41840
81234
71930
3037
25963
29293
65941
41956
62362
74815
31344
5218
55845
46729
72137
55482
31030
48825
15708
87284
31300
19801
81636
4298
70473
67472
51142
86067
78090
9506
47367
29929
33876
14500
8336
72303
80703
3072
14923
23131
30306
42938
12668
6167
66420
73161
50887
31775
55713
77380
58443
81330
73008
50003
17103
78010
26400
15343
75701
6855
20533
58185
941
76390
33590
53890
84976
39398
77267
72333
83397
8435
12240
32538
72216
48296
83352
61892
63038
84936
25628
52150
45544
33438
40382
26229
39798
66068
26714
34404
10095
14341
54124
40953
19894
44368
39347
19774
43220
73077
20973
28753
34717
51481
41434
35375
3569
5543
12750
79360
52674
84341
42182
1384
79041
57943
28903
57774
42815
55596
9102
27550
84217
13266
85903
38539
84416
28830
26166
3075
8015
55949
38836
77231
68228
12514
21717
66218
62155
49332
68330
43459
81396
79345
24362
70822
10454
59980
31901
66405
68572
7452
83887
20910
22312
59357
14753
87407
63331
7545
35394
18896
5503
18895
73883
20703
52907
3105
72305
18006
15190
26295
29166
36350
38177
13917
16028
48076
85177
5806
44789
35786
72579
11442
40563
50585
75503
68748
909
75528
711
21397
85001
20524
53686
48668
113
24580
25399
74452
1916
16298
58107
52321
34117
18470
60251
74158
15242
5421
27561
77480
7341
13223
38925
83959
29668
66348
81781
79561
16045
28380
69249
19298
25857
74979
32020
14480
26228
64286
87331
460
10353
5088
22926
74903
63730
42767
52077
78677
690
85919
25512
58883
35115
69102
71430
87391
51050
76974
38254
56336
5584
1380
79220
40193
86612
46331
64193
85552
49280
53685
48117
82992
3642
52365
49018
79317
18896
62000
64256
62900
7583
26673
53723
61975
28691
84428
71822
27189
82602
70945
59848
54296
73986
49185
42961
46940
41062
6013
64111
1609
24651
27292
63812
15854
45765
19131
27960
87498
39401
47986
8472
85250
51133
34410
2213
55132
16277
60262
87848
20582
5365
56312
86341
45789
21631
76353
74903
75278
8857
70613
60162
52907
5282
2243
79227
8516
40868
57386
30739
80387
42066
37149
51705
35914
57062
1982
1600
12562
68915
50263
24561
41509
74047
19156
74406
65020
30593
22489
4883
53552
83430
54081
15784
19098
83617
68509
12175
60427
82175
57927
20508
62519
24119
28389
28680
83685
77348
48254
82274
87884
26978
21064
23794
63905
56673
32294
68289
5862
51202
32075
12612
14066
60464
78998
9212
14221
69543
83126
43188
77390
38072
6665
85740
24768
45882
37815
85188
29283
78261
82206
70335
14718
37491
69065
74853
71177
67170
85237
30665
9495
19240
65739
25766
26510
39394
57627
21613
74901
7008
119
4410
9742
4775
31181
67361
17489
56220
78225
56853
80721
27127
42797
37688
65287
35251
46902
70755
34226
80324
87641
15137
41330
14660
40156
758
6212
50185
2569
67625
44525
55595
83542
76230
52860
49060
38945
11506
46112
58410
33137
4489
18003
27659
63722
21330
83135
4968
20908
6709
34163
72244
41534
67926
72351
42318
84358
34420
78328
37418
3240
31563
1717
42545
42342
8136
28043
73135
25144
21426
48292
16698
21211
13994
54932
72014
25053
61649
59377
44063
57349
2323
41149
52103
44653
81499
19596
43008
46146
72750
72248
17158
72573
59186
69893
25794
45003
26643
31537
43980
23406
56508
52266
46600
83631
80293
20102
79976
22203
69592
24869
48634
5225
78858
65700
84813
29089
20044
4507
16938
1848
78471
66138
61435
33645
63001
68162
19292
68443
60463
78698
43227
35326
30776
82557
67016
57466
48894
28971
62571
26205
8113
19667
29784
7282
80983
72493
96735
100361
163519
172617
109873
100715
146967
103043
99333
113095
149100
160681
154043
125876
154448
166169
93231
134864
119874
111721
117646
108773
101288
160217
112997
147902
166072
156358
139273
110155
98265
125915
131970
139321
145106
132688
123826
134089
135679
104182
134182
167135
111766
98416
173395
171355
141659
153550
104494
102211
135021
141686
112028
175594
88907
148989
147616
109515
146052
168514
157538
102211
175943
157285
88168
101086
94735
104447
112753
132128
175558
128022
126517
123036
161922
91232
160265
123187
125566
137318
102464
92395
119685
93514
102916
107676
131953
161289
147797
125894
172573
129700
130247
154863
126966
148487
169252
161282
113588
166144
119583
137377
143344
97997
100634
175054
108897
112808
141524
102549
122120
116592
174524
108500
90768
156071
133607
162187
106704
107424
126563
111627
100440
136566
175465
99749
103005
120672
150615
137162
175674
154456
167810
144042
106214
131670
94111
114754
124680
130274
121487
173502
123676
111944
113440
111305
171373
142317
166573
105312
125664
132557
103350
141645
170124
121286
133444
117840
117856
109820
96406
169170
156585
135171
166665
122458
150670
110497
164902
95029
164924
100070
133731
88669
94914
140460
175387
172209
171823
152190
133696
141056
118475
117588
154009
103340
114906
136756
90963
146824
153742
149483
124392
123419
169256
92863
114313
143636
116169
96802
147781
109830
199800
191104
196455
197899
255525
224280
259706
226769
251674
219347
221365
199643
213282
242740
242722
252399
259656
225319
193459
211574
176881
253545
214851
259705
236401
194030
203437
219886
260139
237719
246964
189655
243595
259920
246118
236874
247181
199624
228835
183298
246129
192534
262029
236645
254989
222248
210914
189576
224905
187828
204463
184799
240638
216049
205384
230724
248114
248615
213016
179587
229358
247786
208123
248083
258197
232738
209853
218767
223154
217140
261069
208770
213275
250401
183951
183627
184845
247311
240366
182943
193601
236984
191874
176726
245077
219193
207463
249460
207979
259498
235036
316017
279159
335093
293497
314554
322143
330122
278029
343493
346232
303520
280863
271157
318593
305499
318836
284528
298774
298026
299111
320441
341590
341568
311049
289304
342158
310057
320333
271057
299205
271434
272129
313818
281790
266165
264851
292716
271492
298035
374402
391544
435485
371569
360641
419023
383854
400505
419325
355462
392563
358515
365593
420479
371816
361367
397609
416536
427174
394853
362990
361007
405334
413304
418001
358685
381939
375326
430804
383008
360377
364480
426449
378762
416247
391285
397518
437417
355481
418819
438756
382652
407854
381207
418296
380824
354557
382950
375722
432512
352850
376225
418491
415242
399966
395470
403601
362765
409474
366851
353148
418828
423292
433614
377750
523670
504069
460654
506818
491304
472358
443841
503043
527400
450234
484484
506643
468652
468998
478405
500436
489421
481750
475037
441534
513358
440827
480951
444017
525943
477219
493261
501572
516619
496402
459303
470259
517235
478744
502660
509978
515629
475921
484918
468826
484284
453883
463161
503769
454903
476968
480888
445738
487896
504140
445488
527315
555602
583503
570484
595598
529476
569671
529876
581903
598908
567834
532596
598486
568292
545146
562154
582458
559802
585831
590016
566515
601534
563589
597109
590643
596297
549466
646972
675568
617344
640884
640703
642252
737364
731095
750084
711449
758983
746044
863122
842450
806452
856486
809851
852121
909000
931522
897088
935870
920945
931636
923468
954195
934143
928533
922559
926316
907429
1009499
1043344
1030378
990177
1010960
973554
969090
979284
1052664
1022489
1037845
1009714
1019802
979565
1014300
979699
976242
1009731
1034511
993746
1055741
1032094
1022389
979267
1032613
1045698
1029320
1028968
970815
1003484
1023749
987084
1034888
1046806
1049884
974100
1044702
1021291
1047627
1044828
998745
1051245
1050218
1013343
982840
999199
1019809
1029412
969882
999905
970265
973492
1013112
1049792
1055062
1039866
1032393
1015175
981140
1013824
1010184
980985
1043631
1032213
1016098
1221593
1216556
1219463
1202206
1168836
1155866
1251404
1305798
1277766
1254730
1303484
1303078
1386935
1356069
1400168
1397254
1344644
1351006
1351666
1395727
1390537
1367110
1407534
1337501
1394319
1476957
1409736
1421547
1464692
1464864
1458021
1553885
1536531
1501279
1501736
1511252
1563945
1598131
1671936
1663859
1645623
1625852
1620034
1731500
1725972
1697428
1679764
1724550
1694306
1701213
1710963
1714931
1732757
1676646
1709035
1702322
1698975
1747196
1716369
1690232
1700097
1717988
1674994
1792441
1777478
1771619
1794304
1806057
1777273
1867195
1874890
1917065
1909672
1900573
1874229
2003037
1976029
2014548
1964781
1936453
2014842
1939448
1949357
1953154
1995004
2008163
1982880
1999773
2088817
2046506
2039236
2038450
2033440
2030965
2149081
2129867
2140889
2199874
2182481
2161591
2495809
2518562
2546781
2496911
2476712
2492295
2605392
2580795
2591977
2600938
2590353
2595060
2629229
2633387
2592754
2570883
2622974
2581739
2598416
2639781
2572230
2608036
2623030
2634725
2622271
2631295
2680798
2708760
2697308
2650064
2703065
2680484
2806079
2804756
2804085
2800846
2803726
2771534
2756002
2745420
2760222
2774384
2752162
2799248
2780362
2863717
2863570
2894394
2845707
2877724
2900066
2831308
2856464
2894840
2890853
2899437
2823992
2855332
2988329
2904935
2955218
2935068
2980206
2976001
2933838
2972766
2929123
2925768
2987477
2955585
2990842
2906471
2958857
2974345
2938373
2956271
2953668
2985157
3054148
3036039
3078711
2994719
3077928
3042161
3074397
3003497
3037104
3050716
3076134
3049845
3069825
3232886
3185509
3236887
3183861
3216667
3188914
3270853
3330177
3286224
3310251
3279200
3318037
3345606
3409752
3362526
3355257
3399195
3348329
3441851
3462110
3499507
3452806
3460385
3441136
3686681
3652694
3619651
3659006
3643190
3689779
3921640
3906577
3904588
3930250
3897799
3907295
4050714
4103661
4132176
4127742
4081200
4102927
4105023
4085120
4073293
4104653
4080249
4111582
4079242
4861729
4841002
4881915
4912798
4890928
4888801
4991021
5011599
4983875
4967298
4933510
4976536
5300870
5302348
5353279
5288250
5297729
5315312
5570028
5564064
5548651
5593548
5564767
5622782
5891545
5859915
5889278
5833588
5867684
5831098
5968508
5933580
5955522
5906421
5907621
5940900
6007818
6034240
6040897
6027748
6013012
6067207
6595956
6563641
6592216
6571757
6528019
6596003
6896215
6887792
6878391
6886615
6933796
6922878
8257589
8230917
8211512
8187114
8253911
8252247
8348325
8326220
8331685
8292519
8326156
8338181
8781824
8779768
8782567
8712758
8767152
8750606