1735
65237
68908
53597
34609
86000
57661
19632
64085
3175
29177
11048
5308
40711
55591
78452
5083
37418
47973
22374
76050
24380
70791
61725
9046
81365
46866
65108
84032
17580
77458
6008
50899
34387
41324
29399
8031
13685
54891
34859
19705
62921
46966
29493
6136
15219
46455
3107
82665
40982
27771
75833
33234
24121
34729
53793
47014
86335
29786
57202
52470
73674
21144
32616
22769
67001
61663
57198
63499
48696
76136
55622
7084
22278
73907
57724
32558
44879
27481
50474
7363
76256
57497
79473
66245
38439
81781
73800
25700
5090
7455
66463
34355
37355
30986
42223
67266
60325
6145
84671
28308
43520
45641
79077
1699
42056
20230
19814
84447
34158
30926
23
3447
54754
59861
7594
37631
55364
77458
11036
19374
61207
44656
35817
65046
18762
21662
6078
7920
10342
58466
49305
4574
79022
15329
53131
58828
21121
46140
66379
70037
45385
87764
13260
42033
4469
69986
40307
74604
76972
61095
30662
14480
79749
22681
74071
42194
40427
23108
30432
10951
73307
21155
78699
54105
57987
80150
12086
73175
69338
52635
66132
5660
17233
15594
40193
7379
77755
12290
47029
84370
66851
34384
17378
9777
87643
84752
29224
48999
68023
3921
34290
43189
65148
87227
51457
80348
84152
34239
67424
10335
15702
76382
78286
72247
51574
33578
61979
30125
26317
58488
871
18071
57192
9444
50745
53968
23370
49659
82303
33965
47624
41122
12696
71573
47248
5372
46548
10486
49285
49148
43605
593
22044
16738
49637
52876
65761
1627
84555
46209
55809
25956
57990
40787
42032
11651
64101
70615
33719
8208
87243
74880
70099
50692
37374
23539
43982
117
33065
73416
39393
37339
87766
57552
17821
53733
65392
83965
8638
76191
26288
49058
66105
24863
70563
28081
62609
53879
24750
62249
64380
59207
22909
17577
64158
33548
13225
31234
79829
65865
67849
24150
42939
11232
9009
47988
78525
77275
37849
21253
31244
64534
60192
25713
43667
44525
41507
2817
62994
76076
69429
77805
20434
85213
29112
47789
58294
61000
34917
8229
10283
7142
11754
11865
86879
46632
58895
18847
78226
87693
40642
65935
9632
81701
46447
56119
48410
62332
51580
21544
45046
4214
69865
52918
39210
33159
4210
43805
14226
69043
60284
10913
23379
83195
57495
54620
23107
68361
51099
63350
52480
60363
46525
27428
24405
7661
80110
35613
10382
17066
57739
24500
14364
75973
19296
73587
73737
59647
80044
87245
7077
28152
37693
60774
70157
11239
55336
35893
68098
27969
5104
77138
28915
27126
42644
56171
24256
66
56722
76254
20679
21330
28898
66232
61149
75458
28879
19576
6423
9083
79116
52107
34507
37095
40181
46626
14038
69454
29345
226
77140
4852
9738
23250
46182
5844
44264
70387
49106
59088
35452
13802
81835
16199
39048
67792
41853
25751
63501
47982
52690
86914
66915
63253
66362
29195
37109
50231
22244
31060
62939
75272
60142
46563
72230
5079
45113
33306
9220
20040
86900
46420
70873
69399
14035
87022
79421
65038
45170
24600
14336
64690
62430
15754
21247
30537
41882
83948
85830
85636
28642
76974
14506
49410
54620
46297
37473
15544
57696
66596
4327
71376
2651
5750
3225
7516
70646
16789
75909
72744
28508
30619
71212
39228
9768
41667
19710
69362
78170
6876
63948
35105
55407
1108
33928
9452
20386
31060
4502
70442
61368
70848
63294
44353
64853
67863
34442
3105
59436
47014
85058
65318
72739
2506
17119
48296
16466
39284
40182
19049
23489
40137
4774
24615
55252
23600
62613
39921
33516
87005
76369
16613
85453
36382
17499
20457
20588
24285
24624
44654
19907
47476
46586
76100
12522
55539
22829
71771
55806
63084
59246
64970
42027
15352
3256
77914
3393
55190
40904
28887
64635
32616
1051
82948
24564
58725
67414
85577
21387
25763
35584
86099
24635
60356
2962
60629
49831
38125
8563
61043
9463
81191
14070
28059
51295
20526
77488
60651
77206
78524
62585
5101
45743
85716
2157
1822
17942
86621
47242
3584
42533
55091
36912
12831
42672
9387
9762
18325
47897
79842
18530
78103
1481
64100
2623
41371
65826
24140
23671
884
56267
68882
51680
87921
28880
87000
13200
32029
40751
6206
19721
67983
54352
26652
13151
41951
37661
28600
39648
8793
42825
9159
74973
57777
2317
78988
9637
16038
14511
13407
10523
25997
24651
10565
28369
66922
69738
17169
32909
20120
60600
45390
34562
59969
55728
8503
44212
34531
44400
54580
14454
22473
923
530
17041
67684
15538
44431
63002
8119
20762
70032
39912
16904
57208
44404
8188
26100
15615
50446
45698
43155
51721
7126
38817
13976
2591
42939
11643
78993
79399
18820
52365
14043
65022
67989
12753
64328
70643
85547
30075
4617
48950
22041
55288
66725
6842
764
44294
73661
80888
35859
32609
48735
49262
61767
24561
48424
86549
40501
77316
44578
77393
21645
65914
42808
49706
78396
37807
32692
8201
13856
9184
18712
36125
27658
45412
77851
14008
68985
31052
86379
21121
46259
26988
86750
63540
11468
64290
25670
72914
9801
5735
18577
58140
51118
27813
27662
61747
55069
35183
24971
29776
73882
75652
21485
27282
47300
68991
6885
23939
61814
5973
66529
9688
36102
54197
54273
63032
70630
4170
73685
52115
24772
17761
54744
53143
5421
58989
36583
35511
41197
64057
36012
20133
27225
55609
75395
45252
37314
29608
12632
83129
81325
63561
52427
5712
8670
75349
37404
66094
34228
60663
60312
71742
45471
15519
7431
67653
57992
61049
23627
35050
12128
31041
67157
20882
73675
4286
77765
14810
59289
48248
33590
65989
4862
16449
56254
17494
47245
79735
50271
82279
28466
66266
16584
49379
32214
30927
31932
22318
45199
75580
18068
8583
84821
9592
55470
25676
49548
30014
13547
49109
17881
38738
75201
24561
24478
31378
25932
23553
78889
18051
81019
44123
6652
5998
79492
14351
79676
38724
77516
64866
12841
42876
52599
6859
49527
39656
73702
78542
87810
30501
46403
57627
23882
54123
77462
2462
74842
85817
39036
55848
42509
71404
6408
24182
69301
40196
69102
2849
67142
29932
7271
1901
77957
33220
24109
43144
25626
51539
66952
9969
54837
74981
81579
50861
15622
54017
73007
85756
20264
55047
59703
33022
86239
19622
78093
69529
47902
51725
26200
41731
29751
56563
66494
33912
56772
84238
40536
2292
46383
83089
83906
62970
75945
21129
78005
6563
74068
46039
4713
44219
74179
40794
80938
61013
46120
23539
1080
86776
25065
62187
80456
4421
28098
64002
59483
11597
51430
27685
44442
41405
10262
44445
30892
29501
9760
67670
1416
36304
31888
65491
63371
73494
42558
57911
4026
80653
24052
22709
65037
43528
14456
56454
32957
87111
21761
39780
29079
77233
67554
46564
21769
54948
34488
69762
52034
36828
83322
76949
64568
44339
76073
85284
25676
21316
63909
46688
57398
38488
49959
57505
22957
17784
28483
84781
76558
59327
33650
23731
3742
35007
35580
67594
61205
87519
29178
67398
28628
21033
31029
12008
25984
3374
6606
19198
11939
26973
85083
31746
34843
27193
41809
21459
47412
52105
64447
78667
65877
9633
18033
57118
49706
39145
50789
34029
46802
12598
37810
55032
39508
29074
1057
70170
4875
12306
59842
23708
78783
8394
21598
43985
71173
18842
26023
24786
47951
16556
76148
31028
30454
50934
61971
40739
22100
21170
28013
40783
44040
32762
73875
68478
20533
72011
27893
87927
6066
77805
67890
37504
55897
9577
44487
31001
67323
12231
70284
7571
619
41233
37855
77567
19100
45067
7636
6519
43361
57997
62624
15223
44907
61759
72923
20082
39226
30900
31411
46269
51341
1229
61891
52889
70280
21103
55626
18048
21827
76555
28092
3650
43832
29469
8056
21958
21476
37393
8061
16059
86634
52902
64180
58489
2281
73632
76821
45481
36453
82194
10604
56647
11021
76698
44983
53088
72996
1778
21679
19441
72864
73750
8288
7765
73502
55368
79350
878
79916
9111
42769
39874
53287
36330
34567
2302
87291
32552
46943
10864
27274
7794
71855
40612
46524
81652
52602
72993
45298
14318
23505
30288
41937
19570
86919
41375
1257
972
57083
41762
4351
16396
15997
33821
39539
61280
18132
35370
66549
51477
38703
38328
72597
30788
40838
789
2407
77024
4295
48898
64916
60567
46728
28101
56607
71894
42180
39319
75511
61914
76765
78492
48126
53966
37129
31979
75988
26505
81270
10784
45750
31485
62166
30419
14439
75266
60767
17801
6147
6324
2027
61333
17834
40722
1726
48956
72669
79437
15423
64871
13145
12127
59515
2907
77334
84155
54259
79681
85423
9991
48454
30028
26143
87507
66023
44640
70911
64551
66352
58613
41712
16589
18915
22455
34676
28637
21670
7179
50894
24789
30010
33816
12828
6264
3954
73631
50106
38188
32032
5337
2772
10002
70667
67064
42916
28401
59836
80457
42037
39567
78461
14889
56767
29614
57316
62200
44955
68399
39637
3178
83430
53692
19144
28717
64951
36982
62209
58267
2928
20064
16547
61451
63728
63298
86196
3986
75963
25509
62952
14175
57150
46674
84941
4083
31516
813
35486
34107
32716
63854
26604
63221
25452
25816
35543
87277
35433
85378
85
32130
53085
58086
83114
66629
25800
36725
26605
64337
83459
8669
61954
21661
20958
79000
56554
76297
58673
53144
74142
46720
75603
17679
49138
83239
14191
81546
55198
66188
42937
47073
53800
26761
4674
81829
81384
32732
19100
35243
85203
74196
47811
71860
26094
18059
1814
79239
6645
81517
18077
5381
27033
40555
33325
45308
43961
29394
24104
83727
1169
14238
12394
48823
81716
2583
34271
1271
72835
9924
10747
37114
78857
38250
28621
28470
51662
1731
53563
79995
22706
9176
37788
10646
7948
60463
84400
57345
46111
49454
51253
4886
77860
9480
44342
16189
74246
46753
57030
73808
9018
46632
55438
8820
82828
53474
6258
69345
36269
83490
30167
54668
37073
8088
12524
4366
3256
70279
69171
61124
13135
72788
79898
48541
75321
10707
27375
73245
52016
71820
44539
4622
78563
81131
71832
78392
29317
31034
45319
51693
59226
60965
58461
51751
34509
70277
17686
18555
55990
69453
79747
48470
13717
3618
75792
29674
71556
2539
5588
75722
39185
40869
67811
83563
27716
72544
27919
10930
27295
31568
12507
8850
37366
12031
37074
33580
3964
80878
6659
85856
430
55404
63836
87929
20062
47815
73706
22892
86521
10635
58415
66222
31463
45175
84223
39133
75238
2819
66076
11194
54437
22852
59058
32439
73344
1552
43950
9719
42019
32724
50521
50418
72483
55769
31932
77273
86666
65860
35301
45421
71659
6304
76186
29017
31862
71193
16764
1870
22903
57032
1119
80673
49234
28531
3595
28157
21938
29959
76035
48053
36438
69663
19023
26746
27544
37313
54601
26425
7052
62697
52843
84274
47569
79823
46826
78330
12362
80119
6528
49877
69813
56431
66102
4423
78780
53266
56728
67711
21304
42925
80522
748
4797
56514
31967
33942
69260
85256
41306
66334
1962
47308
50554
76647
28080
25679
68741
49041
37092
34500
12811
52086
20859
18612
30590
5575
26512
48961
84045
20864
56332
2951
42866
48785
15928
27215
18856
50937
50729
33520
64083
58376
10806
16611
76701
19231
13604
85478
34852
85534
84877
37975
46562
65448
81769
6469
44628
20816
51586
38976
87197
22354
63614
59727
46806
63004
41512
51871
42938
81934
61043
86248
38755
80076
82366
85667
12355
63205
50853
22646
69593
19487
9097
41270
6355
56527
81370
39666
2377
65406
15977
84407
25949
18158
81842
32947
79754
69981
37058
1334
86513
75143
21377
17209
87058
51080
30514
50479
12890
65230
13354
3944
38051
35255
82784
64803
55803
58081
71028
44906
55482
77506
27324
66616
83674
21968
14103
13496
50059
3030
19027
76152
75743
71585
50733
67647
15115
52734
69762
22412
84836
46008
69286
70504
14041
78997
70571
57573
39116
85934
8867
78868
24011
5866
49198
42928
6775
82886
42019
52241
13438
66392
14804
14314
26928
66612
4190
43124
51134
57190
82771
6630
72504
15782
16281
28648
79648
58884
60917
24021
28219
40693
71383
62914
25827
37374
7981
41941
41089
52327
24349
42899
787
56357
19540
13238
41865
87641
74672
56426
26124
28982
12522
8704
80579
30417
82082
16688
26965
46215
68172
24079
13174
16986
48091
22305
7295
2412
9791
51054
29840
40729
63213
27647
83900
64747
10813
48224
9369
81711
58854
20944
1060
32028
50417
83381
3379
72080
28354
8979
45239
32863
45041
55373
22626
18731
39134
14830
87156
81033
57814
14002
70293
57177
25085
16643
11780
70665
78843
59629
236
32240
49670
72275
6470
70912
33924
49819
33358
16208
83940
17953
12725
59199
5857
12019
34624
58424
30822
78681
69
2707
43409
83534
59129
84942
55398
33067
9366
6308
71798
49903
61906
39599
41253
60046
35565
50533
2783
49098
35219
20404
654
10035
2759
62319
40545
16191
81912
24728
26263
42602
45412
27070
37285
26258
58326
18899
75850
3124
50408
29139
56284
28420
80140
20032
83107
13073
83652
14079
22004
20174
23669
71983
11770
72525
23996
68847
28279
31986
55424
13470
68769
56064
23410
21614
67850
28816
26006
22886
22678
59572
63417
49451
51353
737
23546
64871
66853
35057
18275
58030
11926
80878
75909
52416
16423
33559
26326
32909
18775
49199
70652
39243
34961
56993
54773
45307
54393
42838
2659
55171
52733
22092
83402
58360
72906
38748
52044
73243
9184
26173
76295
53533
70603
17794
77097
76815
75017
22194
27007
26672
65769
69407
22565
12349
12002
4133
36114
35806
9310
30343
41154
44797
5008
2003
52849
28800
80335
85606
2711
23221
10036
4456
48193
80692
39349
50044
66035
8721
55794
34044
5227
8176
4943
13744
52895
37959
15773
19043
82010
50357
48941
22349
38011
29797
37857
72747
54647
27824
85066
13950
5813
23284
76194
8960
84993
44197
65056
70075
43957
66428
80873
34132
56051
41892
50713
23011
302
25022
23322
47342
58970
65763
49796
56169
47151
59384
66590
38608
49847
18672
17657
83029
74211
7025
68755
44764
51803
5363
50249
21811
1634
60970
27074
75755
87766
79497
69478
18958
16613
23367
82271
64927
77407
8781
20481
9148
15106
67844
45103
82326
56138
59130
80612
75435
72005
21183
8108
69977
6243
28242
78562
31451
11561
60161
37775
74955
87737
43356
27184
74691
66389
46939
14749
54029
78530
87095
3697
17890
56412
55756
47584
39897
40964
21682
15083
21235
7583
44511
14555
2776
14555
42966
38479
32
29008
73243
58112
62206
57901
48549
41988
87028
47941
83575
67811
51051
3492
15457
2456
55302
84181
59262
37086
35821
56396
55136
63389
87952
26345
23133
49994
42844
76711
27437
6765
1253
63514
23632
27554
34323
44636
31458
51146
49715
36536
34220
50941
4131
13532
36932
20092
64820
15793
85825
37194
25825
74111
35030
6915
49451
32692
15204
71459
57384
44495
1605
21286
11516
6840
7510
83298
79463
38220
2620
43233
68332
50580
31357
28921
79099
24115
73958
27937
55331
81556
39982
22641
85742
66395
10510
8470
83265
67866
32062
55011
67759
64608
17704
16678
10103
53083
41536
63863
57367
26274
18349
17867
86493
68450
47865
68473
59720
1858
36831
12883
50593
7858
33143
48910
23500
23877
32050
83024
27188
1335
49484
80170
54534
20012
71121
10270
60251
50869
48027
11184
49466
82819
64284
26144
7303
50266
6973
27607
56355
5760
64744
73626
2089
71702
31235
83082
54248
61154
18730
8158
73488
71988
80229
17682
57466
50500
20588
60078
25496
75827
43529
28896
82844
46030
6407
9403
17334
44419
54405
61353
40127
23196
60384
71199
10832
7489
40478
20348
77859
46318
45777
66424
2179
17369
76956
87726
24859
8296
2765
67858
61444
47607
17832
72953
81798
84906
86766
71495
656
52324
25843
57292
26218
70031
72912
1905
46570
6844
36116
21509
17705
15589
37727
23668
7234
15971
2896
37120
24883
47287
65203
82369
29855
81944
60783
58641
64191
35015
78896
79707
50485
34984
58847
57636
39121
49715
2413
35833
16897
70690
72352
25401
21541
32666
74940
19742
24147
27048
51068
16088
65664
70293
32698
29260
57463
22553
66816
78510
72991
31579
29460
70031
73719
72961
5100
32895
78074
66365
31286
54499
47640
72644
17157
69162
39017
30871
61121
11956
42175
86735
15412
75717
32846
2757
10376
66308
48881
7244
71708
49484
25683
80416
64232
15886
25360
77171
26108
38783
75943
30948
65929
6888
1337
3692
19762
45985
40449
87061
30346
63876
71037
50617
52930
85992
42652
82770
14188
56033
42505
74363
26517
62743
48883
20788
38946
36182
44448
49857
19289
32585
30445
51757
75975
86008
79133
48007
14676
79806
17942
50912
60719
42609
57730
52411
78959
9957
14924
64951
65045
66025
29370
45651
82839
22460
61703
30489
10284
37479
14498
40332
36328
32475
4984
70011
41643
13592
82070
15551
32658
85235
14469
70637
36529
67229
81000
35759
67439
80548
79512
61974
11958
49695
47070
18255
24644
28011
78643
52781
67417
28271
60519
61958
62722
78293
76011
51883
79422
6996
17297
78295
35386
63972
44479
39262
616
73311
47678
1753
84496
11035
58719
10333
3867
50631
45679
12326
81775
38540
22616
27308
82479
70784
87099
68757
133
22004
61161
8990
288
47361
28807
23508
48434
40341
61314
14138
59009
28127
72377
39304
86781
55786
39504
85257
46424
73320
35003
85738
9576
76182
62357
3284
26671
75555
76372
64288
52462
15435
15645
75172
40125
28652
15614
58436
11470
70249
65406
57303
31524
43653
85600
38028
17389
55423
4307
3400
39357
29454
68799
4736
83600
23025
13302
63876
71330
7552
71834
67927
50543
10614
80018
21560
45926
66688
8792
52843
11355
9618
72318
45307
58678
71922
80605
37912
81682
45120
87353
63021
44366
14488
47427
66372
51836
83511
44739
52443
2007
79723
66411
15690
32955
21995
28429
9258
60495
69540
65198
49229
34855
7351
35414
22558
24153
17485
20405
6912
31734
48035
59530
16291
49622
24425
75700
72089
31905
13923
26559
78423
76565
71880
77577
58936
62965
6851
82441
31004
9300
16814
8141
86451
41004
61857
35052
18733
3537
35703
74908
50439
67422
80434
86498
56727
26446
13823
25799
50309
38949
3761
65995
2778
45009
29354
67791
31018
5875
2606
68450
50437
35970
10521
68427
67083
56523
77729
68607
54283
4139
78670
76091
53645
27876
75246
50655
33271
59763
70022
87547
46865
43104
19196
42908
59707
59120
27528
17520
5767
80227
76268
55946
46528
5913
29183
67581
66923
20597
69656
42038
87187
59971
48076
66433
42565
80115
539
23414
29280
47599
54279
51640
9092
67328
59799
3931
52335
64160
50414
64703
85508
35602
47188
55146
60122
55629
52628
16200
52320
64312
58736
43006
7979
11100
83211
87222
42068
799
55728
18981
80414
51409
14133
44632
64653
80853
62953
53086
21833
65686
1285
31244
21810
82192
73165
14150
3304
68490
1554
33217
19442
46722
37345
15089
83124
31162
85512
25987
16389
40199
31813
71311
12342
50027
61063
32117
8099
55804
6542
5548
62995
40635
2126
21329
64239
16789
44646
64665
7706
20411
38094
9800
52046
31833
41466
9129
54069
18469
3337
57315
87555
10249
58638
1731
69192
68519
55491
5312
9230
41705
21006
25357
24480
86320
44029
32891
16103
39865
46921
62121
39346
47131
53630
74066
20581
47149
35575
82377
15792
83407
21477
15567
15029
81440
38665
57621
63755
50806
8796
58810
66784
71923
77941
24318
2896
37764
79128
38839
75931
75993
71773
81454
27182
16985
38618
62163
6586
41410
59680
70931
62393
13541
19835
39528
52051
23933
29937
6382
13883
70319
87839
83308
29481
46329
59501
67453
67350
83569
7821
8004
41328
38031
26292
1887
63614
5208
23561
40448
81989
26700
80792
67895
48276
50977
21185
40640
71557
61896
9828
87914
77047
26074
47705
66408
19694
43104
45040
46601
10699
2077
43233
58762
58565
60041
85150
22471
6685
21147
70342
49586
40572
30791
16459
31164
67743
53273
20309
19444
2472
84029
17886
28044
27059
23602
46115
56766
23354
24156
38166
69409
73918
84012
46897
11881
48755
16761
34376
51057
35915
59428
31792
37959
36149
24552
85854
36849
52325
75146
14097
53113
83003
53119
50703
4255
18996
34329
27087
85152
77470
61758
84073
59157
69034
43687
15942
56258
32273
15264
27338
28883
19862
74043
55361
62145
73492
56267
59937
31053
49528
2681
1753
68028
3435
65664
39192
12858
8649
24345
73612
7029
81684
37109
48064
44474
11474
5006
69583
66943
70279
76795
25271
40979
39632
87950
26504
40931
71513
33824
81105
36083
30568
45479
5520
61932
29496
43793
81574
72676
64761
18491
62980
70623
10392
25442
35331
2479
40824
15777
66313
25947
67640
79142
8060
16155
63290
58188
81528
62833
49361
72953
19435
80756
38379
72016
47412
57983
16167
36840
72429
61607
78101
35117
85674
76335
13785
29306
36206
87397
16062
61970
38256
87789
3870
30482
17877
10675
59874
72293
17352
31326
56459
58735
75823
4952
31870
22294
29839
65617
45978
82978
67832
72263
23091
50695
6623
31692
58111
47829
87805
25382
22901
62587
86963
51584
55701
57289
32522
43844
83682
35682
42702
6494
86684
26291
23922
8895
33120
37839
75181
5047
21526
16244
70894
54868
45796
45643
17803
7881
11694
85715
64958
39932
4680
50804
3535
61943
55929
24936
41408
39465
77043
62681
74079
14053
68477
77237
75707
52891
68193
14848
79441
34102
57860
44403
33695
57778
60939
50179
64143
11701
14318
23744
48049
37504
43623
44591
14073
75409
38913
43653
85081
65424
30312
6189
9688
61804
42285
33639
8514
3519
72657
85019
53489
60777
62793
80578
24093
65493
35497
69833
24921
22749
78752
69069
82192
82663
29082
38521
27080
14381
10130
24511
21370
44318
8020
2254
57605
6873
59706
72541
73593
14473
61569
10124
69986
14798
56900
59113
9924
79231
45973
55268
41746
35256
69130
38312
67060
28308
63755
5549
86548
617
69604
34650
65006
38158
14006
12298
3993
68519
10295
63636
2688
45399
60426
13927
14776
22924
56167
20068
73407
41991
83989
80837
76522
78861
7388
85377
55867
77571
67222
47016
83592
20255
60148
86232
60282
29325
24681
82250
78780
65388
18648
48391
79857
54875
87701
45877
58140
87495
46698
60047
50390
29275
18593
87152
62213
33755
64224
22389
37259
78338
82225
41343
81138
71021
9390
85904
45019
7306
65032
82387
38034
22875
70819
58348
80417
10178
61969
74769
72286
75415
55661
22645
60388
71649
15903
52132
37227
5578
73013
5982
57437
53937
30676
50731
53696
79984
28513
65425
298
61829
40864
83840
67563
68009
11090
72989
12484
69739
68952
23903
34041
8303
45902
53125
25603
3039
28521
35445
47392
19222
65106
33300
55141
18991
49440
56740
75117
39831
51190
62262
85310
46147
60494
82476
48391
48830
29109
83553
3070
43632
42483
87898
35606
65590
76605
2235
26468
67725
33589
57288
78029
52444
75298
62997
55181
87081
15882
41942
17084
44437
6068
43525
44187
68735
39570
74676
53979
37131
68552
73961
49742
42522
10330
69322
15950
12010
6841
68463
40791
37515
83582
29378
36217
77084
3074
55368
46682
86917
36173
33864
34427
11568
48307
45658
48160
19765
77908
86509
83550
54673
293
57163
16846
80209
80871
5806
39094
33056
35196
74829
23662
44198
49066
81027
79596
42325
60060
82651
64070
44108
14390
38846
63804
37160
33932
81890
61595
21466
80116
85439
11350
46280
41420
11495
22309
45919
30729
84488
63000
8241
81872
24403
3996
36977
30557
21210
81774
18813
18297
37
48389
86834
57659
35905
83621
86469
70783
38066
18401
50606
77192
37790
87645
16070
77186
24987
12217
25317
18510
12514
71745
63711
7826
28994
45823
48785
11353
6661
30787
78560
37975
16523
57775
38422
19108
71840
23474
46972
1691
75381
29524
55661
50038
85474
10174
43564
22022
40745
20575
29756
37773
42663
81969
36957
69624
58051
7315
42681
11502
45523
74887
64530
72271
428
87911
65667
19774
12376
40858
14823
36837
39941
67570
65187
63142
18397
52121
3859
6757
4586
65044
81723
64145
17725
58219
16760
36029
21852
66735
4528
81501
37964
13754
68423
74250
47125
16457
6274
56562
10278
15397
40923
8662
78384
3208
1704
51593
8667
72635
67829
11514
54967
86329
26184
87121
36847
57677
10775
81244
41267
79383
51213
50475
39546
63487
50699
66551
51745
49753
44946
86385
6146
25689
35989
57762
43038
69311
26774
14259
83615
25942
75619
50266
66674
78171
82910
63940
63785
21892
21299
51049
77299
82814
62000
43332
1758
23896
80914
84095
19916
8915
1212
38280
13900
18578
18736
62478
63091
2710
9821
75429
77070
39439
47384
65183
43941
24365
4335
56718
36393
46739
66208
43639
40236
10485
50911
14815
45696
58115
15894
29384
46815
67788
43190
10690
51668
82570
47900
11943
73265
13537
42021
57968
12146
20706
37471
70632
49378
40115
43734
35209
51631
177
34185
63730
23632
85452
25410
56079
2420
62012
26014
57050
30692
17918
111171
118440
126728
110665
164344
107305
130069
112192
139337
159367
175168
121299
118786
170507
91517
106916
160767
140627
168813
135720
175221
132228
154877
97083
110083
121378
145760
169730
95836
100505
124655
156860
97106
165568
144796
114396
156353
162549
148123
169190
128472
142694
121598
157970
127881
169257
113069
137233
103887
168226
141506
135756
171115
107302
175846
131327
103289
105343
172280
160593
94705
139300
98235
171453
149036
99942
91269
175647
145443
109409
108342
111964
160551
119651
95829
145904
132301
90717
103851
107900
122761
98783
146483
115940
99960
124343
105506
106325
145673
135424
174212
165536
110544
96162
119332
154030
146232
159817
96516
136211
121080
143410
138871
101681
89477
161728
120490
148186
110060
150269
156139
106280
174985
122263
127432
143420
130263
161494
140614
88209
123924
135344
102672
119237
145233
121417
155124
122928
124912
112931
92713
172744
154667
164720
93086
125405
165763
106756
171698
90175
227090
179028
215053
213917
241050
198742
244412
209795
194878
195946
245298
262567
203814
220691
239481
253454
252933
232372
194513
262957
229962
249815
189799
199941
223922
177171
261366
211367
248507
239764
213014
244068
194147
186104
257127
228667
217616
262143
200897
230277
183234
220024
228100
190408
184829
232983
260319
207739
206519
207140
254745
246808
236791
211403
238845
237960
247066
219786
229155
202227
224176
228832
239200
301976
268845
275496
328573
330087
319567
294968
317159
345624
342509
321137
343606
268466
290312
277524
323987
327398
278734
292409
299373
322384
327528
345449
284561
328749
315546
275719
427988
404615
399534
395215
434522
406556
352681
416602
364209
388704
421105
429399
434155
353687
418431
418718
391901
403888
376980
406347
403956
436696
432726
380318
432184
361354
411623
397591
397364
438882
372518
358128
408228
374121
438086
422175
425176
371443
427816
375030
431402
391076
436650
366301
376241
493899
526647
508886
509230
494151
453522
457137
525252
456743
491616
459594
491486
469747
450250
477070
491237
440453
491527
466502
443524
481260
505450
475623
506899
452412
497762
503246
463505
443977
505173
481603
486290
462190
443882
478964
472058
541620
603820
598047
589761
575955
604551
549385
606598
592096
571327
615459
529726
597139
568860
609125
556037
592982
585788
660173
625912
677770
656450
783447
722966
740318
754151
859517
862856
852899
862029
915020
933068
919789
904182
959645
929407
882823
892139
922955
1012201
986758
983766
1022045
1035076
997930
1008486
1024256
1013834
969030
1045354
1006465
1026602
1048436
1029974
985598
1008829
975810
1051380
1002746
1030699
1008991
1044144
1010920
1025333
982122
991849
1026543
1017673
1048852
991339
1005274
970881
981982
1021639
1055939
1052061
1006176
989026
968597
978475
968365
1023002
972385
1036336
1186464
1180994
1191537
1172603
1264097
1309206
1257662
1266423
1350726
1358397
1327637
1324254
1403274
1383583
1368568
1335811
1330827
1473328
1414092
1452869
1475612
1537605
1566687
1546449
1531391
1645928
1617180
1656379
1592221
1679342
1740826
1720490
1723794
1696416
1712886
1746167
1739871
1678932
1691056
1747519
1721866
1737432
1685746
1834438
1766821
1833696
1824691
1881819
1914124
1912479
1885558
1987211
1972307
1983574
2004028
1942476
1974305
2013244
1971781
1996608
2027803
2065085
2024507
2039558
2147420
2127545
2169100
2193084
2492906
2512979
2517858
2536283
2576596
2585916
2596531
2639926
2563216
2554676
2612554
2637681
2597890
2609378
2611311
2561314
2594375
2589962
2676953
2681769
2686744
2711949
2741256
2788901
2751603
2783382
2789288
2774300
2786867
2744814
2728756
2841078
2853412
2874684
2885231
2896293
2846907
2888237
2842937
2902547
2908009
2959469
2964515
2943713
2921312
2985185
2912690
2928328
2962191
2969240
2952828
2937974
2977014
2968206
3023057
3077832
3036454
3010473
3063208
3067373
3063736
3051926
3035374
3190087
3241237
3210750
3237593
3266471
3338738
3297136
3304124
3387761
3385647
3385622
3409686
3432263
3449318
3463503
3437521
3692579
3659113
3647715
3667707
3887651
3892921
3930611
3874667
4118478
4065695
4113900
4081270
4075356
4109543
4049575
4125893
4060246
4911845
4868439
4855477
4842796
4982334
4933920
4982047
4957031
5348913
5344567
5321669
5308013
5561650
5582982
5609355
5577759
5821283
5850555
5841558
5823653
5972916
5927058
5952644
5909031
6039160
6022942
6007690
6071106
6536610
6567865
6512117
6537904
6881547
6893095
6905361
6889629
8222607
8231398
8250460
8211647
8272385
8274210
8288056
8343095
8722926
8731023
8741629
8793323