20526
14341
31523
55719
65851
53957
30503
20741
56135
76010
50682
34426
67520
86403
5410
28636
75179
68022
2211
15829
13747
77987
41753
48545
69926
61860
25821
45065
996
38341
51106
32586
68054
31499
36592
14865
67947
42922
40250
76493
45507
13221
32433
1730
47304
52323
42440
45098
11144
74943
51622
59245
51188
45522
83455
30725
27559
6371
18712
66133
8719
20479
55133
7006
21531
25269
55136
23728
52617
2824
31550
39487
13739
47256
17671
39324
35035
50605
62210
43215
52959
24296
20891
66901
49618
80292
20636
61180
62258
50374
85437
43360
59687
80795
21083
1421
55882
16695
28545
32050
78387
83302
52575
58085
13767
54310
36789
28530
5574
29040
12499
35596
32308
30917
81310
64996
39724
13799
11111
43379
61458
59091
63914
52462
24400
4224
87226
15160
15729
6717
71729
49602
40357
47645
63891
72709
43981
54647
82242
39676
22194
60755
29957
64631
54356
67354
1334
34657
56240
49476
2129
75504
69188
56431
81967
51462
4437
38357
49549
63203
19147
35995
36502
81278
70559
9872
40836
2773
3551
43403
78075
14929
31613
47276
66931
29216
41119
9109
4485
38991
41206
69364
24082
22557
26609
74426
29300
76479
71285
64879
55165
5383
73750
35749
56931
31823
34599
80671
14819
75203
27716
24788
77778
30477
11280
54468
54247
10506
11362
42937
45697
29615
27553
67995
82811
47803
13971
20668
58027
68414
62479
7445
50859
8046
1876
27593
76110
10900
11613
38170
56347
72199
3848
3230
52724
65027
21793
80469
36349
27771
38555
26078
52399
82013
40414
84073
72711
50998
87059
12668
59602
22935
15813
50541
11519
81103
66700
61995
49999
35205
78813
32873
52900
65701
62903
57456
86000
8327
22656
12869
64099
44173
69609
51106
33645
84179
42607
9899
80490
296
18454
520
53376
53707
65097
29224
31129
40047
84506
70146
31090
55063
3866
45682
82415
84222
62509
315
24209
64474
16495
2271
67920
83349
45184
20791
20024
72491
42929
70674
13930
80786
4530
66421
47329
65078
85945
39451
661
60320
3376
51245
34805
80940
48142
20024
86594
37793
20690
18519
16158
31733
75880
25605
37506
16366
27625
2851
61845
27518
60910
5503
75438
25331
43544
40747
15599
68229
28564
63807
42639
15295
12505
70747
53532
71195
85722
23525
53320
60826
74297
69058
38806
14269
13399
31657
2398
47224
45172
83548
23528
80471
32262
63819
30332
33465
32423
83769
86158
77809
18598
20695
3552
10793
7291
4391
60206
28248
82697
6768
63542
2374
27535
46558
84782
84982
66545
63618
57985
13997
11567
32582
36184
34028
32769
42602
77212
9385
53516
62532
30075
2001
6954
86507
71302
40172
66972
65572
48020
33069
53387
82322
35687
5986
80401
48389
23071
52039
14638
51476
76929
31309
75722
77336
25048
5842
54193
4671
19451
52622
47120
11606
43970
125
7379
20236
41202
84597
49351
61944
86356
61726
45014
76621
19970
81779
20489
68818
66443
33885
21518
75999
5442
83026
82181
68142
6081
4924
71464
58156
28308
22202
179
74609
47041
51224
31635
9083
78642
86505
84339
39084
21622
37910
36956
22526
68333
37550
7896
3380
83892
31256
51344
77101
45625
9314
51567
69071
41007
5699
87224
13628
53663
37735
66790
9001
68430
32238
70106
43474
30647
52887
78770
3556
75645
1486
77530
5725
38625
40265
62296
31974
50399
62508
27330
60869
37565
58807
52972
62176
10150
46462
53744
12717
81704
51847
14006
46778
74116
22682
50107
36641
81350
6647
20402
72110
30094
11431
42393
2804
41546
26682
54383
73439
11222
60495
15031
78602
72125
83982
68431
4171
8737
65987
31853
58778
56474
77353
22124
87036
74210
19626
74574
48479
58549
28842
75083
82849
16064
15116
42955
70610
24842
24123
26155
36920
59816
23310
2589
43867
35354
60050
31127
52824
37091
25376
2506
11499
67140
72061
7935
86110
65703
73188
82520
78181
47558
71218
10526
28517
81155
77688
57723
65091
20259
20596
8511
5227
86201
77252
59724
9789
58812
31300
50381
64235
87266
82311
80965
82913
80004
68580
33395
38820
39350
4720
77597
18300
69205
67976
57748
73116
71718
63014
78317
65690
74548
31251
82067
40875
38326
19767
41447
25890
53720
12406
37119
7329
50593
9327
17629
21050
40199
22652
39530
49037
43162
81357
82834
29636
14827
40336
80919
29647
45500
22543
77940
17694
83392
50094
83439
66137
302
9696
40676
56208
85818
19319
39710
1794
53175
48021
26561
27577
44969
22401
74001
26851
2335
31401
38175
13969
7998
64333
47350
37082
13914
17483
78364
19722
8895
72228
66654
28826
76720
15136
49520
16919
7012
72287
9258
83516
59971
44868
72782
54374
62068
33098
47854
79965
79887
22101
27431
255
36163
52663
38062
6196
65006
43800
7885
16237
22719
31831
40328
22913
75480
42583
18176
82424
69923
17210
14811
35481
30161
87240
68443
84842
3959
80026
69725
72025
55255
39756
48497
20234
33256
63488
27250
48131
28733
50220
8882
39715
57286
2261
86812
33569
77045
80373
45926
43414
18144
41302
32122
55916
18182
50649
49672
18660
40747
63526
21869
3064
248
60765
18185
84759
23831
64617
46819
47705
31851
83459
64975
60245
77128
874
1274
77077
57063
59247
66124
82115
48777
67912
76832
77604
42374
27232
4220
36861
18774
60400
24576
12075
44463
67890
3376
56119
30382
62427
70653
82359
61466
49707
71091
24122
19031
86946
30690
18110
43168
30034
53021
53210
39684
34713
36110
14335
34815
81503
81013
76443
16108
36213
73378
29666
9889
59812
9810
62972
15793
68113
30595
60130
63344
24559
65809
84196
31252
67632
771
58486
26488
16568
71404
59646
76189
14975
38559
37443
55251
30416
33207
50977
61522
51384
87564
9867
61817
10085
83984
82942
9943
4546
34301
73900
28727
30516
10947
7509
45662
30565
84140
4523
68921
52540
19907
74660
83375
13296
49117
74261
56716
22895
32344
40321
66199
53363
74576
30409
59138
78644
8527
61156
34015
5922
3286
79438
2270
54834
75191
82420
41533
62757
38623
12491
71603
80309
77860
54285
73281
63877
66413
41221
46672
64736
29421
67373
56832
10628
69692
65580
66579
17197
51359
87447
78071
86286
52628
23638
35328
2317
32976
72398
37852
36608
23436
5747
14855
20672
13521
55305
27943
85244
35206
73352
7498
61715
62230
14069
707
11395
11400
72659
35523
74886
77280
38327
78154
60398
81793
20932
56318
43909
65568
62200
78921
50284
62491
72162
1759
9153
83827
43433
35669
43514
2521
64690
21132
81351
2171
28435
6681
78744
85587
78231
10187
38666
53209
11210
68525
48298
41258
65473
69600
59828
75912
49439
82149
70363
36908
27790
30969
80881
42687
47438
37114
33226
5540
76937
30278
64794
36842
42306
21722
48974
22567
25473
15271
76023
29399
61318
66645
68117
51915
86073
6776
61250
25013
65879
83440
55333
51543
34218
65835
40042
17370
48585
83085
36099
66829
61236
36800
40553
48199
71783
7582
16425
25589
51017
63376
33024
34113
85076
66695
42823
49350
42740
75873
83581
47442
34426
51372
9368
53308
28079
83340
76667
2062
13684
67394
243
30008
87470
45558
13380
14893
17301
5942
71650
11206
41237
69267
46124
86904
31808
13213
27735
3714
28244
52377
31060
75668
63147
7136
37724
23794
77328
28515
3270
43974
74036
70164
19059
28454
8257
38443
26182
43332
20762
204
23723
13039
83772
11413
42199
40809
14000
28843
38734
31241
70498
45424
73579
37867
38389
78178
9145
44576
32207
46900
44925
79073
57660
21281
12560
11764
32804
54055
77747
7630
44107
40825
6620
56202
16787
59841
70774
16364
45401
78849
25559
44211
7127
12124
25141
86989
41796
78521
3018
75063
14978
75253
66967
52836
82696
44826
38122
34434
54532
1939
76008
81306
70229
71879
46509
41063
14077
78081
5603
16415
80837
15535
77760
77810
4204
63871
67157
4131
47955
19013
55385
10784
42604
37069
17441
56684
79371
84795
70207
12782
63491
74056
53426
202
51121
1742
75910
38497
36463
69716
53716
44779
34211
6956
23856
9387
65859
38503
23191
43841
36198
21478
41414
53242
13471
43915
73727
13470
12741
78704
10442
65575
13288
33537
63625
7274
20657
42041
10867
25954
18435
72484
39007
41429
20284
6164
79609
80744
78518
9393
33304
52732
3210
22555
54250
33106
34174
77602
5837
50016
26841
85591
80032
59888
16400
12994
51567
10875
82845
73833
22314
61444
86463
75536
46608
26225
75966
14853
10542
52893
16467
47405
82503
29895
21062
2903
25090
5606
53282
53362
44279
65032
33813
17955
975
65141
61169
39590
11790
4382
35342
35610
31234
53350
11916
18020
60098
56518
53051
11194
69039
23066
11700
78665
83606
29442
14495
66512
83118
61623
11490
6468
65971
53431
84499
81614
85545
38815
13855
81534
82589
49695
13252
54909
41589
72127
23034
35609
70595
40000
17228
19276
19350
68364
20938
44948
83756
3268
68171
76392
81501
79862
77331
82905
70092
17072
15621
10397
9398
60348
43865
66821
33211
67693
60349
27284
78930
75350
47709
53296
47219
10852
34043
32544
16983
77321
33394
55591
44461
3225
71947
87846
16862
38958
86749
45130
68853
7427
64190
84852
82918
22397
29078
85528
20742
76654
61078
21708
56975
79736
47417
61952
18561
63448
49927
63028
33048
36074
59047
66655
32381
44429
19051
76909
61137
58314
62413
75864
48803
47538
13209
58018
81762
23649
71292
27365
84379
59669
45664
35998
6197
72842
53878
43907
7515
226
38291
63658
74685
54029
61723
50981
16183
53111
14528
37976
49345
35222
73986
34816
7574
31012
32944
23850
11048
85265
732
16369
69880
37479
10607
27643
79509
11907
31958
22227
53387
4401
19813
43231
11698
10956
47595
87639
28014
59718
38037
83673
30632
46775
66712
31836
81035
41760
28356
26956
87025
78620
31601
26338
61458
38863
24490
59886
28871
75433
15456
33418
40227
13995
33844
41342
82285
81796
60377
77342
45463
40479
82164
60732
8933
28638
44622
27073
39238
75789
45631
52379
79464
77946
18854
11607
17880
33179
83113
55380
69708
21107
54542
51473
18136
17393
49319
27385
63063
76187
4258
48173
58474
35095
75604
17690
70766
79144
19513
35583
3803
86996
24846
17266
80252
26332
18294
33908
62967
68760
37791
76082
17584
42656
34711
9939
78063
61246
43065
51565
3751
67854
934
60779
78663
2700
85829
87376
27267
83019
31073
35592
66393
17842
3850
5246
21929
17897
5575
65135
74903
72046
83952
72042
13703
83653
3310
74459
86211
83046
26411
10088
56842
69765
56430
60994
47447
85261
59104
16023
38211
30472
36732
83623
79231
49647
49957
25250
23412
15111
42003
6316
43985
38917
21420
45591
26925
6009
3437
24274
78674
26999
63708
69377
4580
38204
63109
84471
9385
58767
54606
76358
59675
58516
85652
6585
62335
46020
81066
46933
3599
16837
81587
44056
43217
31527
45014
74698
61221
84908
69842
61185
21566
66090
78808
34285
32736
135
26405
47676
34136
38209
40342
65309
50895
57359
14606
38007
65662
24036
26591
59018
6060
5826
4349
38970
11881
26680
76889
46914
29813
44167
78307
59931
30194
25379
57673
87060
85894
16068
86748
20063
11154
86711
64397
14092
62070
56363
74330
38801
83421
8904
47424
68524
72214
45018
48434
37630
6982
64353
25597
49100
84887
78966
32618
52220
35943
33783
40315
72563
34493
21702
37666
24329
41031
70373
5165
51956
48343
43546
6698
9620
450
65451
20287
81010
62982
84283
18330
11250
69642
80226
21520
17507
60196
6278
51862
24958
86442
10784
79218
82876
7771
17930
10610
53286
3742
74761
12302
4270
9952
27261
82044
37005
51835
41020
58711
76616
46747
19122
77611
55068
33753
24945
12812
56649
33180
21003
42756
84965
42731
21860
46977
30086
31744
45235
15168
77632
49371
22431
52275
46718
17960
35352
84918
31665
9126
19675
77925
72089
62604
64659
44106
25630
41507
20718
55037
5607
70166
11454
65694
77796
63919
45583
29290
842
16772
518
58830
46323
46192
12735
54041
25266
34835
73415
23988
49429
35517
51404
79304
78807
85286
10770
86049
5479
63998
28842
10076
66878
56920
52732
63763
69197
17389
48922
44266
43642
42766
63329
78684
61441
70455
87197
63144
7765
49802
18208
72230
83043
18129
47337
77606
41315
84171
79411
69522
39097
63501
50055
87003
86679
58867
68548
940
44978
47166
85339
60298
81732
1362
46414
8703
47509
58260
4194
46826
44822
77448
14916
32285
44632
87782
28154
2235
4962
56396
83277
5960
62863
16035
3572
61854
67465
1757
21233
65791
51948
52997
82588
57215
8481
13271
9780
41727
80181
76957
4629
80731
85953
58627
36624
35390
13175
20985
39852
30083
59033
75594
29853
17732
52243
57797
41081
29649
78506
57541
36855
64243
52667
28859
81715
74572
1452
6079
13054
85183
11468
75424
30153
75532
11416
5351
48029
14173
63003
71175
59013
74001
80807
79481
3689
4612
4644
58962
46001
29037
60481
33776
30483
54391
1258
48781
49910
74056
76
24168
17834
46538
67467
1822
65445
30866
54803
6225
68136
24105
13370
8497
40326
87022
75706
73035
10164
20844
36118
2767
83698
54786
28775
22084
61553
80372
45315
14313
35676
17278
51643
74881
48227
84202
24548
41862
4211
4652
626
34389
78611
76218
63400
24120
24760
39426
47126
36458
63338
57713
41623
59890
50486
47689
69534
12254
34115
70095
147
37457
16569
56872
85362
44824
19236
11150
45722
58431
21938
25336
61802
81707
24140
1453
45171
71222
34835
44093
51826
62159
1157
8656
4510
45106
10851
83950
21367
44130
79559
29123
59386
2682
19007
34583
72872
23513
81763
21309
78356
71221
14973
85041
24223
3247
13605
64070
38503
9605
68748
59325
4173
59332
59109
61661
60996
23680
40888
11111
49570
47204
62966
24355
64761
26957
51986
66657
50730
36117
34532
44276
44389
82295
37781
43527
23643
8922
6759
9225
42880
3779
19360
16726
80886
13039
63142
13262
75768
28680
74601
2409
62248
1822
86741
58528
1006
23383
27195
9003
50739
22931
26397
6594
41848
66011
20195
32901
55246
80428
74785
25474
12570
75761
28709
81288
38503
73060
21235
68514
19183
73554
26197
17583
40643
41540
37575
10910
49895
87007
80104
17749
19165
56368
45699
69150
5630
3177
29239
72394
41792
55588
8466
22580
10898
4793
72402
86704
60664
23326
12531
56253
41886
80025
81141
34375
75911
10170
35156
15746
85690
37070
19780
8270
65071
84839
76110
51462
52589
71031
11014
57512
69964
80343
58902
60082
71994
50530
67766
40033
42067
82564
2530
42510
3618
12604
62138
48055
23892
21087
17158
86683
35671
46878
7369
12087
44459
41545
22157
54592
66196
69637
62563
29203
29846
73936
38383
72096
8665
50233
81836
47672
85410
49644
32334
72730
9449
1475
81321
41481
19826
53117
86552
13212
26831
55028
47170
74113
12573
19829
41523
35749
77393
30147
2467
21331
27559
64421
17632
45879
46932
52037
39417
35659
13621
34669
83204
55322
85915
52058
22130
12950
30812
55398
14292
36503
86192
41163
38841
8698
57917
36592
58265
65125
35995
8488
42174
31899
43094
83719
76367
8147
73597
14450
80936
51970
59047
41242
37608
73515
41235
7006
15119
84411
43407
58992
44968
13589
81669
75219
84955
4238
67836
10631
62180
46932
71835
41401
61158
25818
23549
6155
18599
47869
72055
78583
69903
20250
12841
12238
72512
61628
18743
81909
16828
41010
29050
65933
79980
84321
54157
51557
17664
62754
58838
9387
39088
35854
85916
39931
60363
72633
44302
75098
67572
71511
26412
52114
3918
57513
66891
79111
10333
502
85750
38542
85258
26462
27190
41824
29512
61263
55742
38886
62048
73755
36355
40614
83393
39452
7465
81368
11777
25238
78543
29008
77740
19433
11743
41362
87987
62402
74817
28320
71914
66775
59403
51462
77930
53548
26077
21640
29653
11055
11384
10850
64282
7812
60248
30073
56271
63645
34819
81086
86688
51974
37415
71594
41729
14098
57790
5823
82973
86152
38305
2719
55524
69149
9587
56334
38359
80954
14737
222
13775
17026
40388
81048
84585
7306
32699
21501
71563
75482
5321
32263
30854
40932
2321
43235
22436
67488
5750
3392
15665
38941
31861
1763
85532
63306
13865
34293
51517
65637
5141
27265
18843
76815
44878
48494
76504
6321
74234
61584
47638
76431
70053
35476
18848
71163
66887
34810
79387
8226
79272
26247
32305
29602
79517
35445
62558
12102
6417
83538
48455
8874
21893
61862
67453
60638
12744
65895
86141
14225
18015
15678
54816
25976
12438
48402
76064
3971
1827
51846
83780
25251
71561
25426
34968
49782
69324
77427
31938
55937
59683
69742
65179
7604
35585
24264
64856
15822
23861
36585
79478
20229
20493
1883
22351
44693
50770
45619
71283
45300
13893
52263
33529
22012
10596
26107
79388
59654
28259
25775
66275
19709
7422
16968
63191
52235
73514
32548
33691
33573
70871
16492
7061
34415
16813
3495
14352
49389
63112
11233
53970
12641
39027
72686
40912
41454
54837
29240
37938
77934
9200
48741
59518
39893
61340
81205
84505
36166
37964
40842
5553
78825
30298
49751
70923
49058
45569
64761
18593
16034
78727
79495
79335
29587
85910
49206
32752
56623
66218
49254
766
45642
32671
37293
24622
3208
59508
67053
59707
74067
52954
26153
80069
52602
13929
48278
37861
19554
85337
21339
9164
31013
55748
5485
46888
52096
16128
57242
2044
19369
17836
44140
67525
41416
17250
28516
2850
66917
43927
57858
5313
17343
32258
6770
24162
57997
8461
87628
53728
8141
70253
38114
44379
58390
80622
57800
21567
14057
14306
64769
16421
40606
45415
57998
17416
87068
9431
59575
71691
25418
69908
3397
76696
65290
9499
23438
63301
9638
51611
54858
43339
3269
49890
73582
42309
24894
20867
14180
69920
19221
16379
873
51330
72787
40906
51624
46288
17154
77504
60302
14639
3677
6666
80482
24214
2515
37955
70500
55657
56897
47597
24547
44826
55914
63365
3199
32681
69196
7346
44983
56194
53771
9331
18881
70575
42585
87365
69814
45323
35184
13485
50743
69136
86936
2954
60710
15414
72078
70718
57750
85791
69941
44197
17927
9538
39697
18241
83584
24931
935
26878
1581
5022
17423
83220
6583
59614
64131
64622
85845
56763
26797
13159
78667
10174
52391
50367
59060
10659
41920
85358
633
10360
76135
68659
69023
68669
37746
11557
71690
70320
84097
4369
79367
69940
43116
53025
70377
57687
8127
57966
76199
20667
29512
44889
43226
7460
73352
34137
70222
61552
21662
58637
85948
13000
25596
1227
67799
22319
64238
52063
3433
8702
74928
33949
66494
37225
22322
29729
16080
25938
87370
1666
61339
4667
16421
10015
21455
81934
4529
77113
73433
20407
37576
22257
60495
58602
17469
21993
71093
13897
58235
78529
36455
13730
42565
17899
17007
74827
6168
87176
30194
50892
14951
1016
47088
63896
81563
78816
82744
39319
76132
75162
44878
18509
52922
87111
29834
69590
79312
32386
4819
77254
26223
38521
2352
2104
78275
13647
28269
47609
51766
58567
31780
79756
16669
44446
10624
57398
14106
38970
55294
17611
59008
63450
70586
52064
35079
22332
67517
2410
40248
60882
62558
66398
26493
46712
1443
45227
79730
68630
56061
22558
14553
30796
50207
44081
8430
77983
60868
74583
66028
67807
24331
8002
31878
51130
25551
81525
3818
4812
69505
54502
78837
78163
73399
36664
34307
55035
1022
13359
85902
49824
8683
65205
10163
7681
38243
68825
89425
117043
122619
169262
123272
96830
157914
125445
156211
161338
124768
134599
124390
152368
174678
142633
126984
146918
123316
166349
121489
168214
90283
155266
149679
106521
140607
157178
132161
148224
136433
164838
123757
126609
148756
120689
168659
143662
105227
119264
166968
158802
122604
133832
98299
107459
148189
119889
125800
126169
119352
102252
156482
112749
112568
111754
115936
88419
132586
164886
102103
101188
124038
122210
102409
163975
172175
149953
125105
139351
93074
104806
144049
119635
139189
127655
118612
120199
131268
134930
120272
127415
118039
117999
164052
90733
163779
95147
158070
142557
115989
97583
160301
93560
116273
146064
159421
92401
133814
159357
160085
154513
130812
115772
160084
117676
94888
132595
186543
213414
196704
251926
195764
237320
182441
228055
244618
252500
221494
182227
208066
206447
206532
228929
188024
217386
185062
209820
194482
219023
194977
230959
196075
195493
262999
195547
215605
244514
212547
221688
202842
214666
202408
212785
199860
227640
217597
250767
199412
177064
226122
199145
247049
224422
204732
225165
223882
307078
272291
274179
318317
264992
323555
295190
324711
340876
291114
327654
312462
285159
311048
351573
289953
308428
288875
301413
269153
301721
419929
359144
408346
396148
367762
436173
400388
413334
415038
393561
407777
398262
438399
377192
409510
406044
389549
363538
406980
352906
384625
390169
426699
407939
387475
366181
416679
401973
398452
409054
420752
376843
378883
365273
408538
474021
510503
504512
482809
448633
477298
444761
442961
525077
527788
446323
507568
512088
496951
483514
470757
445052
495326
525335
494152
488329
489825
512277
467033
515389
458226
498840
458637
559895
577776
585064
563597
553703
559434
553141
565079
533530
599288
564273
565112
577256
553782
639343
627391
698150
672238
767385
777164
724964
778948
866861
843314
870318
834464
887884
926039
925280
918370
938307
937694
899580
978701
1048418
1010359
1014324
1044414
1046725
977299
1015627
1034380
1013204
1003732
1039346
1024114
1035122
1045471
1036955
990354
1004418
1006692
994330
986954
983546
1046684
1044007
1054685
1007688
1036589
1048008
1017640
971687
998819
991751
969267
978403
1031331
1166537
1227735
1223890
1226202
1238055
1308069
1238400
1272975
1394395
1326687
1404798
1384633
1329472
1400909
1320918
1417447
1409150
1414462
1469423
1549810
1505741
1530653
1574095
1652238
1607843
1602855
1663214
1681378
1753905
1682344
1720943
1733583
1756284
1736906
1677381
1678880
1742416
1787028
1769631
1825282
1796674
1888430
1866057
1853965
1915583
2011474
1950975
2017016
2012641
2010349
2002406
1966145
2036404
2064816
2029892
2056534
2164972
2141341
2151402
2158813
2505299
2526334
2501005
2533771
2635225
2605955
2580221
2580285
2598070
2596446
2599249
2575322
2588368
2621949
2664080
2716803
2659039
2723709
2777354
2802270
2788633
2730932
2741899
2739395
2754214
2846845
2891552
2849348
2817074
2849987
2888301
2897080
2918443
2924602
2913709
2950026
2967486
2915743
2942158
2988160
2979144
2950708
3031617
3027425
3058247
3033275
3033567
2996461
3017529
3176037
3242328
3225622
3252381
3302868
3317751
3307062
3320820
3392720
3398502
3373035
3429101
3458294
3470828
3450644
3439685
3644409
3684643
3679366
3636648
3958335
3908958
3879239
3956484
4081531
4051021
4087428
4058414
4062344
4093424
4079450
4924381
4845542
4924356
4846094
4983803
4929796
5004249
4933122
5312379
5357430
5358595
5287458
5548540
5563700
5594368
5618509
5813260
5883271
5850294
5886951
5919211
5916145
5928704
5955611
6051795
6043420
6039397
6016693
6565794
6548857
6598274
6575294
6912764
6872973