67805
79024
62747
33512
27582
50554
81589
42989
21471
66883
44930
77652
73430
64408
74618
58738
52705
82424
39108
43903
74796
45631
39208
69241
22200
71657
70045
79218
50195
9997
25166
7769
69575
74710
16657
44865
77195
55293
175
20509
60947
8174
71548
70261
61372
70738
76269
17644
22408
11049
50910
40991
77422
17341
7938
14078
44570
70960
41378
4338
82268
79885
44731
87309
69273
71657
44610
38058
62188
81192
25019
5463
65807
20679
86488
5825
70136
83994
9131
64527
21269
44501
6170
83030
3003
71696
40525
60415
2312
70604
21920
66965
51313
43978
44618
86574
49261
9463
2834
79184
20059
51864
17911
62550
87222
70404
49427
18186
64523
32875
80494
50450
5034
78904
38357
53295
49145
5698
46205
44813
38223
18251
64073
62174
43469
15756
18047
52296
14462
32612
84678
79200
52177
13537
52581
8261
18743
20494
26491
82021
24943
3997
174
29250
16595
12780
2505
32619
42253
76344
46182
75915
16681
36296
46275
37376
3718
68009
12054
44030
22098
52470
11429
14803
68124
70274
65428
40985
31375
64673
80552
55416
13588
57023
42059
30297
83241
41891
79666
49823
78834
2779
15475
75716
60213
26266
39285
47144
85148
10354
70659
42410
5831
38789
66252
23733
14613
24754
41906
69960
8037
75759
52369
39526
29961
17725
5365
80720
6584
12234
22566
20242
38645
26363
37982
9179
64090
48686
39914
57363
35949
16875
64341
84646
33484
39767
71287
5625
48150
55840
41276
19701
57032
1514
34540
50391
76879
54227
46002
84037
25736
41237
23316
72825
79318
10772
64504
17521
48635
23061
61420
40815
43173
21145
66493
62603
84885
25925
85730
20508
25220
51954
48030
50507
19091
82079
75696
20441
36293
72124
13894
74304
94
12909
3349
39135
45869
50588
38568
13935
28454
43406
55574
58007
45278
73428
66243
64449
45419
81644
84992
67040
53423
49161
50335
84813
52100
8777
31019
15136
10445
33571
83271
22118
50007
76932
61598
52876
86792
71001
4026
7950
2801
30071
54513
42542
40498
59615
33019
64539
28344
12568
76060
2282
11113
48075
23518
18225
84743
74992
67339
59677
70891
32807
76550
52045
28720
20836
65277
58768
69289
66571
7923
26900
56060
68626
70549
9914
74466
39789
58324
58959
5408
85407
61404
32787
60481
10107
25304
76290
13320
31136
79336
74430
5197
17827
35953
65512
77367
83023
74139
78075
42277
14103
21116
38421
20399
57283
19103
64064
69214
10093
66972
61923
30942
69749
65611
54693
23612
57372
4296
16855
3248
24525
68499
64576
19749
63114
8738
13435
84981
71947
29230
5844
3769
86398
2454
34867
61867
82813
51395
8879
784
41783
14315
56520
64202
58770
22346
83057
6273
54326
76727
58650
56437
31073
73559
58490
51346
63748
27364
44925
63075
40720
16429
21720
87904
46909
64235
23318
86656
13408
77376
54083
70449
56081
87642
30290
36875
6221
33001
45722
64301
61859
17721
52724
52094
13476
87048
28202
66055
81812
67897
43886
50139
85614
68615
81713
19766
3155
27571
4622
83898
76404
68855
43699
80609
28222
794
63212
53744
56259
63990
30370
65976
33130
22157
24687
41638
16408
23316
55641
56511
83152
63350
1235
13485
60343
79971
13374
64894
33752
19162
63735
11875
5151
83872
8832
4537
63044
1320
64159
6818
35367
44139
8525
15369
38652
5535
11906
87000
46558
75126
54498
26945
58209
51112
30
25898
20383
26203
68672
17642
2783
57100
57364
63437
41938
76996
81117
58837
61500
13638
29501
60526
58238
83576
56592
31810
397
11526
71969
37284
82319
27209
5287
2976
33102
57087
65970
6594
19114
71537
79838
77681
78943
39627
471
65107
62585
5472
84103
85807
39680
12275
24592
66011
16144
32260
69044
62742
69539
20215
2364
48767
85063
5395
63017
50174
81958
10681
22908
25857
48338
4306
11274
38275
76143
60791
40308
11327
49758
64493
34601
50891
28123
73388
29646
41281
36979
58653
12272
52936
7436
56301
73761
32293
83871
77080
55372
42567
61098
64602
86321
83758
49370
31892
87021
20614
38620
22471
55778
79182
65501
32396
12922
7404
25676
65624
1574
66490
73694
67018
39366
68543
43369
87661
51952
26082
14602
61995
10878
23473
40984
27044
19885
31130
13900
70702
58723
38534
36900
73564
86111
18142
65904
45427
53726
65884
77838
70041
48649
76823
79075
53811
53327
74849
63011
12314
60358
860
27115
8427
60025
14870
22459
46405
7083
15462
44941
46915
57440
85590
4250
68238
55756
21862
12993
20192
67409
12728
6233
16938
38535
12462
14829
13942
81680
4767
61888
10846
81890
19548
81513
87047
54188
11188
26070
26157
78322
62832
83389
85367
39116
59131
32233
64097
46394
72075
13238
71641
7444
5374
6786
34127
8935
32770
72078
29403
26358
10880
78687
14667
47273
4937
67627
24866
79439
36213
45333
58043
65761
20096
30763
86536
75480
69316
74159
62426
82927
83785
55658
26768
42160
32694
21144
37018
22607
6931
12327
11398
23748
85594
12962
48199
59699
78521
6712
53777
61449
73042
21664
18395
85824
39230
81067
52388
50155
23313
63998
19970
15822
62483
85148
49769
32196
11855
50429
32020
40681
66563
5859
1094
38827
74353
25557
22621
52971
43774
24330
64271
55994
55497
69520
46130
31876
47861
83313
54705
78272
28837
24804
7995
29097
35148
27256
84945
58170
38596
45957
41167
83103
66417
76427
10390
53545
73745
25475
80199
67497
59652
2644
40391
69828
21025
85267
59330
25338
71690
34529
5315
27624
8543
45298
82876
45511
32140
84225
14851
65406
85990
48208
9884
67813
16364
62490
64454
6097
69945
23861
42890
14927
12960
44573
23165
19381
53183
12994
10425
16498
54802
33101
63189
72190
42235
36878
4157
32205
73037
17206
79956
52226
36605
57860
74658
82243
48335
35081
6550
57099
11716
11813
37746
48181
21768
1956
8833
38186
49630
67431
28800
37971
52350
8889
18826
11938
46644
78558
40286
70797
47663
5902
12260
37113
43276
62394
82152
64872
70984
84174
15439
9512
5199
8094
43931
23796
3360
7370
28284
81214
36439
8658
83732
18490
38627
37932
22712
33872
80018
14691
39335
14531
71230
11830
78398
23784
42682
45831
39406
16029
23255
38769
13148
65096
31133
87455
3419
62533
68904
80866
12928
85558
72634
86724
76850
46433
51057
31944
70359
43237
78581
34624
63508
19225
85905
74129
26102
51723
14816
56873
26387
13998
22084
81600
52392
40494
926
1296
75304
16311
17364
65457
26638
28566
12029
3688
47457
82277
28194
62884
66890
10860
38707
34423
21777
45848
30089
77238
58549
8602
54945
22793
65440
48728
69884
15208
18068
82038
73341
8483
13837
41614
40513
48880
30337
40008
45993
85959
12638
56275
48653
38601
73282
78835
13140
31589
2283
31506
77765
61811
78211
45773
75509
47559
7135
39930
24182
44171
28032
13810
6703
67378
76121
68135
61805
16223
11422
46078
16151
44868
40580
73556
1134
9713
48774
64479
45531
50632
22070
31671
30523
11029
55002
42604
29796
44952
80482
70561
54082
45339
60850
37800
86242
29748
58770
12006
18603
28623
8920
51384
13350
72267
24371
46139
63020
53857
62372
5913
63228
40299
57726
81956
39319
82614
30703
47596
12658
51155
18904
62430
34490
68936
13340
53672
31716
72921
24753
42626
17894
50583
65790
47319
80537
40182
8888
80950
57316
41480
31107
74217
10858
79261
28113
35601
46029
62131
74770
82131
30249
9
73131
38672
56017
37219
43626
45066
48243
30873
49934
6001
27488
36585
54043
46205
38679
29361
54330
16538
50762
82097
53765
55824
37312
33409
55560
62656
19585
71211
84418
70427
84303
51429
60808
63873
20460
39684
15246
72483
1565
4626
26162
83072
78450
83608
51797
68018
57522
59115
18153
76625
11584
31439
41112
499
45744
52099
3894
86416
12798
53678
65066
31870
83487
471
8138
38606
15761
10011
61131
54495
35389
39086
24540
46718
17918
46684
38201
78027
67245
45994
68525
87644
819
32700
3913
78019
51798
80196
23912
25042
75436
45719
65808
62542
49355
39791
79289
5381
886
57899
38598
50212
5337
59702
8940
11950
15955
68572
66177
13269
20047
46773
53686
38471
40069
40761
20272
55333
77543
18266
81837
86603
51069
32166
43274
70379
9622
55662
59574
9681
76043
71324
42689
43506
23148
51050
65065
15456
17618
50224
15607
45909
27690
38645
32326
12308
62602
38663
84531
51161
46005
19035
72460
9422
84623
4740
87652
49137
52768
65899
20695
491
62962
43102
83603
75930
50798
45103
62796
12000
39750
67973
29475
29624
77105
18271
69452
32465
85814
59359
82623
9036
72771
84055
81731
86275
18446
64526
46571
27977
49670
63696
40613
72682
8216
18371
54099
4931
59568
8939
47889
39304
11551
48846
78013
26129
72175
77631
56122
27874
69337
57482
58010
26005
65358
50789
20521
42850
71666
4071
25977
54183
43950
39392
21013
75236
65298
57970
8523
65413
35072
61692
71950
28930
33474
43656
58432
55222
20395
46413
52145
72289
45428
5169
84623
70168
52835
62530
74664
56246
85376
24622
82175
17749
1032
63822
67541
22230
37909
42759
41604
69723
2849
7460
55593
40959
49463
17886
16535
15951
22577
43098
19552
47948
925
24908
28427
11504
14913
42393
49488
79537
44751
21595
44985
70883
36774
11873
55933
39305
1715
51523
54527
31386
11151
66149
57218
68435
82703
19234
59815
7603
27124
40514
38279
75703
86144
18654
55553
62832
56443
53562
20794
24760
11600
486
32669
40946
58743
40249
61851
19443
9445
39071
59899
83822
14750
63775
49472
9928
64918
37400
1068
67286
36170
2098
50881
56339
59813
3103
56140
30767
15083
2534
62437
74636
21207
18525
23047
14798
24828
73086
59418
32289
34825
24256
58412
24975
7813
35304
53803
68275
24989
40993
41865
87487
87241
1310
19870
84638
23100
14074
9966
9076
40749
5260
54693
53186
74650
55000
20267
11091
33512
27569
62494
55151
55709
39688
81158
32948
86929
78808
48930
14458
54396
22864
87590
40582
62757
56320
70760
30022
44649
31622
69365
16256
23774
44108
44565
58383
86911
46073
68161
50905
43816
40882
79416
20694
49523
62816
28861
44984
17208
29855
15917
2180
50899
64857
25820
76949
28198
16492
76001
78146
16646
79083
51228
72025
84370
17032
81635
65888
33603
86394
63193
23090
61830
54712
73324
40909
10886
61981
71956
86788
4293
70819
63745
84086
10446
84815
84512
23610
79498
5746
23449
13254
73181
64664
78590
67922
12573
53786
15894
73346
23531
52180
30095
53677
1338
33384
16277
24188
41042
11659
52557
41589
25602
904
79982
84080
74842
17888
33569
23776
12858
81265
36798
59648
18791
20898
49975
6086
28695
20994
17229
28233
16207
72150
42138
53063
11211
12093
38701
83372
57917
53285
18014
87832
47999
3720
51365
11586
20249
2527
57676
44442
28456
71652
23034
48395
17098
64287
46968
28917
52290
1227
83671
58398
19771
86906
6053
16212
2509
24167
43541
43910
42452
11283
12238
66921
52324
76441
79374
11340
47063
31981
59391
35541
62195
29639
5301
398
58240
34966
13622
32289
51897
30695
82689
19050
50277
44239
5416
16801
79620
26760
49304
80398
68516
59911
36832
83852
8420
57355
44317
44833
33579
18688
42036
57862
79537
42725
47111
68649
46153
26403
43538
6813
49732
56445
36572
49223
16415
87376
71459
64847
25236
42449
60257
29479
14820
20435
16980
85636
75701
20986
79454
24085
6186
76019
31539
68008
37481
71405
24835
45578
12579
67798
31703
17237
33259
42152
65301
59448
25950
78045
38771
11446
42350
19973
48236
50219
74884
911
25022
33132
32412
10165
46889
11367
73648
79965
81599
21353
78984
32039
9875
54962
38549
20370
79245
2222
42198
42254
29890
8694
37462
33297
76338
60317
84890
45039
31567
83082
36633
53243
87928
18694
6569
9460
60592
40497
8810
70347
36564
46705
6307
57515
40103
36655
82211
392
40730
85277
61871
56962
72673
72662
4401
15107
24192
71883
49257
17931
81757
54914
38071
65243
4108
35073
12950
16016
56928
65140
39755
11357
69837
45582
26146
55603
60254
57941
41567
5925
54941
33070
2494
57881
81598
36918
55115
48366
4411
86418
57137
57234
72997
65139
2880
72757
26868
19349
69511
69869
76568
58450
64368
50983
79527
68438
5059
8887
74604
42883
31994
66321
82879
69003
50202
23542
81467
1448
10304
72562
24898
19222
17965
61165
24881
31879
70263
28913
21576
60050
11497
29906
31122
23217
22658
70143
26420
52553
75257
78492
81471
42920
56099
26692
14243
59002
72493
3987
32369
61107
5588
77735
68645
32221
1937
83682
77315
41841
83837
49022
69957
12437
75237
28963
38814
18170
71821
84695
84947
24007
33504
44130
14591
3827
18416
50204
8308
61121
819
45988
39502
74944
35085
74426
11538
33831
37375
20149
18334
77864
75949
47911
23592
79798
54389
85246
71168
29702
69168
59087
37769
9053
51076
74685
35403
82081
81263
70891
32514
59446
29859
79547
33050
11783
58052
39811
86598
48274
35290
85354
66422
1270
54004
63537
74365
60165
18255
26050
16926
45269
36394
66468
28875
7896
68733
85342
67302
32590
33083
11557
36153
17658
48094
51681
56295
72693
3958
60185
61839
50748
82502
19191
20833
12974
4058
29845
53267
12985
15351
14005
18956
46235
16622
77222
66943
38954
35203
54888
48114
23968
71969
307
57591
30846
10302
2192
76476
39621
33199
40462
76705
53352
57398
59619
83726
13701
77340
40131
72676
12475
48025
5685
5525
69643
85696
57704
83250
25519
21532
6012
46521
62427
83783
8986
56053
36549
53496
23088
30994
78228
21916
77374
34036
83539
49609
50501
6522
78448
57734
43160
31674
84715
80878
53354
66993
82409
49985
30987
43231
52868
14146
2970
80084
65278
24851
43749
6076
63086
43489
74143
59200
23355
59865
28465
52896
82752
37830
70300
69186
44532
50353
790
63002
31667
42085
66609
18515
79838
53469
80548
75324
87338
45099
52254
42436
14180
63766
3643
3104
77755
52202
33566
65412
78177
76146
757
69926
36083
63111
26386
43820
71362
79512
36265
67638
69760
56825
25710
35770
7932
1036
42751
69771
63107
36828
39855
72590
28582
55730
54310
77750
2185
66781
24066
82735
59006
35152
38095
32914
86192
72021
47932
86733
46300
50888
34368
50444
59032
524
43668
43626
65532
7898
66129
18578
14521
20989
62279
13351
81312
63072
81859
76286
3048
42454
48240
6779
63302
61481
36073
58028
3157
52265
48787
78055
38081
86227
80314
53860
15167
50349
58693
49779
54594
56629
26584
49546
32810
56610
79035
35974
60824
31959
35528
4422
39352
66666
33304
37742
38396
64660
55763
44220
66599
82768
18109
33188
11551
60399
35034
62246
85687
3799
26262
32247
70986
42893
35932
66778
34117
23023
1850
26406
8365
67722
83897
64336
76119
30104
25529
4456
53280
38306
27449
21756
34765
31007
34673
82213
65149
51872
63438
71254
61807
8391
65507
29893
20539
35122
77189
24610
45272
31144
19992
83657
46156
8302
2959
46354
24376
1640
54444
64686
74789
64037
84768
58328
59170
82595
19985
41872
11674
4393
8043
67925
20661
50773
68104
85549
29224
109
38733
63119
75677
82237
24172
76781
906
73282
48932
47348
19710
6266
32492
13559
77851
55400
35902
65058
51926
76758
5838
8648
83529
66698
78545
25003
21481
75492
64909
8744
58156
17975
74259
38153
16745
7224
62899
723
45170
36252
38494
79709
86419
41756
1514
58473
62557
71396
87295
23453
42098
19174
67030
42980
39986
86862
25023
36578
64615
9526
7817
28894
15578
24677
58954
14132
65497
10311
34531
82738
87267
84300
27890
72283
35995
37746
82812
57004
65022
54329
2890
54493
78392
40359
8423
30597
48255
23827
31046
3357
16606
10512
72695
3538
58484
4442
61709
40472
16369
63252
34091
29444
30053
6329
48319
64119
9060
16048
86285
74673
36324
6677
80643
37647
84852
35785
66497
8402
66468
45881
7589
28013
14721
47765
23556
12496
2410
29773
83775
78301
83356
20268
44332
70798
53677
75685
25870
19626
19644
42213
77339
77667
24804
5363
1683
6421
771
18157
25556
70449
87869
76723
79958
8843
71587
85228
59602
33450
47728
4918
44888
70455
63877
55169
60890
11530
49189
31477
45717
19939
79858
77188
20477
43471
53194
27062
56036
56713
3181
45445
24361
70105
56605
37616
75359
5902
8943
10741
3211
23231
52212
4121
1009
59091
77773
5575
30529
75600
36635
70633
65152
73818
25882
72346
22099
15555
41589
28460
70085
4774
24492
25557
81087
73759
31176
21491
18230
52911
15217
85208
67420
77154
14079
38357
32905
79121
6529
7153
81272
32679
2149
66662
82507
86794
69915
37788
29112
26228
32087
54357
39589
86940
71653
53475
82444
8658
54021
31750
71451
8233
60322
50735
51000
39475
42418
51160
83837
22330
85604
63376
62731
73406
70403
24466
62828
18587
74050
15947
61990
24680
77569
53344
46186
70481
78560
8070
26336
54813
82508
6989
47274
64931
50225
26949
20207
43896
21775
55437
20275
40356
86680
65083
9398
6876
31356
68577
38801
10087
31723
49260
47362
37252
77958
79309
62619
68181
5572
17628
81657
2908
26860
52852
41665
68382
6980
74459
82264
75395
65722
54246
35926
18546
84723
42064
26776
72338
21040
7611
17566
79953
34727
24024
83752
67109
68178
75337
22148
39276
55401
62323
10803
65437
34644
74563
87274
74457
23958
43233
87765
85493
5913
66288
75774
45658
117
72581
69256
76355
53496
50778
80494
33205
84434
8008
30727
30056
84965
20966
49642
48908
65911
66936
60480
30339
58814
44173
14440
68475
85594
81017
53789
15981
2774
34466
25372
81997
69777
5447
12439
36071
18878
45485
29437
74451
45986
29764
15690
49683
6116
32570
77475
48842
82653
59416
44872
83765
70716
34087
37295
40628
59912
26969
83973
64101
10713
45530
3864
69110
68091
78038
4579
33918
35794
29761
212
27573
22435
9182
86432
9671
12868
11235
82956
56599
50571
65563
4020
27000
7324
44002
69082
57143
27982
85947
40900
1040
20291
14728
23491
37055
64529
13935
57369
5449
19382
30217
64196
35595
59674
80576
26179
28298
39807
71592
87029
65763
6605
781
19211
72816
18187
65839
6784
11266
70364
74272
7654
86326
50816
17374
70998
55763
69918
48528
46516
74400
85574
44015
37390
58593
27275
22822
2632
75927
59167
19970
30692
22284
84824
927
78475
36789
10749
64161
23945
47900
39109
69320
40644
83095
16377
35692
44385
58143
66332
85677
33744
72574
83256
35703
18664
87548
10076
7790
6287
63604
69170
28669
69416
68982
27052
16548
54138
61133
61076
21465
56545
39732
61359
80383
32100
20341
34718
44359
81007
51047
33475
14271
64346
42015
14253
4121
129
12678
28343
27193
67683
34694
6568
22500
17105
38235
33905
78524
37984
14551
18138
59308
71950
26581
32257
26596
49032
13662
40718
12217
18316
61459
43766
60654
80201
69221
59698
74825
4237
83429
14539
83903
8749
17028
66435
85925
46970
54307
85978
9773
82053
48289
38211
5453
44527
74071
22680
86322
38534
49791
79983
60333
85800
37019
11236
60168
47896
73562
69080
80088
26604
78553
44903
20701
15281
63246
59719
8009
28166
85764
63000
36063
60188
71451
3014
65802
30910
87641
76945
46523
21143
615
52007
85223
38527
34023
21611
43777
87664
36343
9505
3632
3661
10621
29152
19711
72730
76643
47100
35366
57194
51667
30985
11614
55225
87179
53494
27044
50826
5973
81005
36715
58571
75834
72148
44155
63990
78630
26151
69968
65595
10239
57652
76272
30046
76820
71097
11312
86753
15185
33549
66507
67696
62231
86498
26664
63041
62616
21069
32773
28136
76679
5853
73232
22062
76333
54764
30506
29549
15827
43060
62311
36392
79629
47112
9043
61718
13996
70203
58193
13261
67370
4523
62673
43022
30865
11639
85214
31652
17322
40827
69283
21840
55264
34824
77786
43825
72354
86363
79733
79109
29119
31215
53073
18384
64172
49685
84393
66500
28081
12005
69331
7078
19762
67469
14933
25331
56058
17883
63569
31958
35759
36950
28957
9050
60951
44203
87916
1226
21891
59185
29613
83408
42505
4467
56730
74481
993
76491
45845
78225
63786
60841
30062
21983
36849
86452
37586
1369
70937
27485
42588
53411
60668
21677
44594
22158
25546
58894
12771
70687
43703
40713
61318
53354
40966
24545
18056
61092
4290
84201
41898
31303
53644
64556
18234
58026
84370
9290
5946
6962
52687
85102
268
46399
13406
4408
83917
41801
60368
61346
79194
2330
87710
24460
15563
49911
57743
70966
81872
26958
85757
82409
37880
26834
4981
61413
25872
59505
83124
71840
69966
37353
69956
86189
33864
80910
52253
36128
24203
7911
18076
1230
26054
45865
73227
18093
27376
81290
25423
68334
4077
67716
69323
21317
39640
79341
15967
74174
26668
59994
17097
32186
68545
30546
55669
80225
51365
37945
66320
28101
5553
55062
85157
28077
56665
3607
66800
32754
66381
2218
17232
44517
74203
6615
71338
23100
61792
43390
1138
465
55607
50584
69750
24347
26801
56768
35203
12155
72692
18928
2241
50970
34032
58001
29018
10928
49127
4678
36461
37719
35475
82518
9041
56898
65276
62994
55962
45298
10401
34724
82591
17287
15763
10356
38789
73310
29573
63634
27656
903
18336
3648
51432
66645
29918
67108
50681
21286
79877
56205
30958
6786
68423
30842
12197
30886
72831
44645
38453
69296
34987
77292
31516
10381
3119
20385
1728
83063
56537
63199
97
20147
51302
38805
67737
79105
26856
31781
67209
19767
25560
19001
62357
31742
4664
65344
9981
78601
30220
87777
3190
40849
56740
84972
34722
25705
35202
81330
85166
1240
63585
27549
46720
55937
57763
82363
38111
1034
77013
20679
27213
24650
45956
81878
71347
60995
40045
45248
10878
16283
10243
13845
62605
3413
52847
31188
75271
48212
69442
17514
31104
22925
78221
12616
16986
2698
32470
18098
59683
1417
19930
39772
16937
60936
20544
26751
78729
25563
86807
71643
56680
64810
87030
73583
38349
20202
86359
72707
1239
75770
10463
66842
65758
34275
53437
12423
81073
14699
50760
19429
31150
78512
41486
75952
35631
80365
10259
3261
47496
3189
22676
1630
71304
62756
9041
27588
65175
51114
12528
59914
58704
11053
49207
15391
70544
45124
37591
3447
53583
71491
71487
2087
49608
14898
67064
87714
82815
49913
55646
128
25931
2797
25017
57590
79982
33982
36250
61511
27310
60485
20856
53776
41800
36366
31933
36645
27921
46562
73215
83311
61085
22881
75721
48389
66666
13400
74653
32176
9795
63638
13319
25032
8130
38389
7036
44788
50370
20890
45400
11809
30338
30020
36949
27411
84394
75723
70886
30093
5706
51275
11148
28169
352
58201
16207
50740
7578
70706
35933
20054
36035
69381
84512
20842
15123
31816
44393
80916
83022
20099
82715
14150
71156
62658
7362
11798
38744
83140
26031
22501
63181
33924
2740
53694
72625
9524
3972
86360
72899
64959
86515
61032
75196
6311
84462
26173
42168
56211
82444
29999
2194
38473
20065
27370
18801
38957
11934
35813
86670
86278
27194
35550
8899
76575
43661
48216
51045
33961
35417
75696
70160
87075
17285
8935
6661
41876
75714
67698
65112
14140
45499
80894
59415
8853
53352
63614
49762
16457
9504
58903
55437
23258
76672
45323
39426
39889
40661
15152
4245
21349
59259
87737
52376
39524
42038
8696
11774
15627
71005
60105
30913
59387
45100
41146
15776
43435
7274
17382
36141
28232
79923
41313
8702
6482
58567
59359
19996
86769
83968
28840
50330
4055
10094
34958
17397
43400
81325
138
22663
63727
70968
13540
83870
81943
85087
20790
47734
19330
85836
80090
42561
86819
15732
9370
60624
25142
82808
38766
55756
66419
75198
83506
4856
28056
70963
68017
49300
47041
14199
59086
47099
83220
39009
66327
76093
77223
22050
61342
54857
81660
23874
57114
1886
43092
66616
37645
68389
3350
65368
1781
59997
17980
52965
12930
53904
18174
67825
53890
4321
32471
78818
85240
22453
63823
68520
34676
20786
74006
66306
44203
35032
71029
24112
72023
35035
24249
75970
17903
86312
12749
65541
43425
41446
5032
1541
24497
71154
53755
11886
60262
39490
70381
77812
76699
62975
23462
9663
87175
72229
65061
77401
39878
67675
43977
21120
27465
54713
6659
49269
59581
55702
37558
61659
22232
47002
61288
11386
28836
44164
39490
87924
85847
81716
65998
34401
52565
24909
50038
10025
67043
31321
39978
20421
2995
32805
5796
82209
26690
32320
6659
17614
53205
18265
8115
18674
7902
33420
17934
41364
75304
4299
64642
6006
87621
55928
41970
27580
60061
72176
15041
70484
20533
47900
27559
2487
64160
31777
32049
25415
44610
51226
8510
83775
69843
72474
35683
27254
69018
17405
82892
86854
60969
14267
15809
7419
62114
51009
41530
48364
46176
7995
80473
74915
3828
18832
4112
55985
75384
29897
26514
54680
51133
3595
43572
81213
63818
27409
87634
71617
27198
48544
72663
60822
618
71722
35408
26083
41925
38847
5708
4439
9919
83784
24122
2396
18758
17662
16192
46403
29722
34838
3424
73240
84934
36935
84319
72869
53794
60148
17469
20555
15898
29177
9088
59848
45110
66757
1369
10681
42183
76784
62378
27927
40820
20943
50251
13385
66292
8154
44435
41610
337
58421
56714
53625
51316
76666
13416
72417
12905
35837
23143
35023
4601
37020
37882
87408
67150
1268
31107
56552
29040
25100
52024
38140
52043
59191
79226
50626
75801
47839
2819
73743
14774
2219
2535
71851
84822
24654
672
33517
50905
78472
83361
56415
5918
989
75634
51707
62191
1761
86264
27062
52256
28701
15525
68315
78082
69253
50517
64573
86763
52076
52332
2729
15103
45566
71496
21251
76327
41970
85467
58130
7453
53191
9868
16858
26671
54701
46130
85084
59544
24761
54555
11473
48871
51351
50791
15761
34475
45205
29862
53155
69489
41566
51394
49090
28883
61215
47419
28071
1164
12525
54791
1881
52933
44954
81011
71159
48166
18275
85116
54412
84700
36869
68914
82354
33862
7366
76258
67723
24051
27635
74887
37804
16332
66475
85886
60103
74507
79325
46030
79109
51609
46489
85882
85668
7385
3597
83185
35378
31879
13077
54090
31264
85812
71421
12334
17492
81765
50408
81777
62555
14116
60833
25802
17335
81364
55120
19170
3202
40135
51210
54627
53051
26223
86987
4644
38373
56900
23686
7459
39806
2940
36934
7180
44584
19494
17749
64447
30955
30512
67895
74959
84190
39295
3662
21238
32015
12604
50102
668
26029
32082
74753
11435
12174
55454
11002
69674
40522
48599
82361
60753
83519
25923
41172
9702
56989
38306
55414
16785
2195
9845
77327
35038
61211
82717
8753
70670
71358
11120
33254
586
58980
23712
58303
83511
42593
56090
20599
58179
6100
17917
57685
79266
67173
2409
86934
78599
86855
57498
10091
71005
34651
47351
33980
86926
34760
45777
12340
5540
72563
16271
62736
70544
85725
22247
60870
41091
12514
20934
54874
51871
57434
8750
76772
29419
41100
69906
17525
38869
5068
27924
47811
63266
40203
31783
40076
80349
35378
34699
79377
4721
13999
14924
82771
58281
40223
66020
63153
30130
76580
70606
33673
69333
47498
43694
32664
66350
38958
80611
70128
59166
4405
59957
29174
68686
42950
76619
22372
516
24964
33999
44157
6461
16171
10365
40480
44779
83565
28255
73121
47080
61520
66180
4612
85651
49600
7816
47334
61619
36983
935
87599
63552
81959
16316
4909
77550
34042
63587
54693
4060
78722
24035
19118
74926
83222
30581
71673
2581
41588
64963
72073
55640
83903
79922
69166
1733
25280
12371
83465
3519
25533
41234
44699
5362
59680
24946
16334
8743
27040
13120
15915
67808
79326
10172
63362
69106
23443
44785
86840
43575
47002
8003
64895
56656
81090
86354
24954
8103
3503
1050
22250
48243
82251
52382
12553
21818
87583
87421
39612
27745
64904
69861
9825
44588
78652
85496
74616
62615
37965
40671
29671
52063
14433
13867
60277
48163
80196
35780
81256
83227
62915
14925
47956
78894
65579
64274
78545
83054
82754
51353
6184
12756
36859
6961
21768
42694
53832
14847
47481
963
44458
51810
43568
62683
71814
2739
78970
24650
17569
42688
50345
15233
82857
14760
17041
77788
79074
67283
71036
62084
85999
75169
11521
87852
47412
57584
69944
84385
65032
74567
23987
33768
2244
23502
7612
47790
3214
49640
27836
54091
65585
34824
48277
53688
29492
3451
60370
56301
14308
41585
86033
47850
9139
54927
9239
64205
50032
20593
3634
29283
22207
28894
57818
6803
80780
40735
54283
33954
62390
13947
17968
25824
80448
80219
23599
27125
52658
41297
71651
24910
39754
24923
75605
50172
19255
27005
47546
21236
35394
25180
14021
22162
17858
47221
30698
87042
28985
13139
51620
9241
73546
17745
40454
51722
37240
67900
66744
36983
70793
54267
49263
49425
87662
72686
54328
74695
38109
67630
73808
33813
77570
73708
76943
83477
25129
64004
24816
49567
49989
40363
30538
61923
72155
41613
23911
6199
955
18029
3924
27193
32353
82937
40718
26869
77848
41693
7730
28382
60705
60499
48941
35774
47954
23786
54475
82667
37206
74306
19105
83022
12236
52013
48426
82310
34678
55100
2473
24463
17421
72738
13366
53453
2611
43449
16647
41527
3389
84350
8016
49061
42425
68848
8457
21901
60877
19130
64272
42464
61487
53540
53798
43541
30888
17172
4347
26034
765
53082
81018
24908
59189
29435
42408
8754
73168
55066
63483
27329
11935
82634
51858
76530
46268
15925
80988
51384
6114
86444
13932
35393
44219
37937
51123
24872
62107
42561
36942
15749
67379
62099
47814
55877
21077
78111
43469
58561
23246
1766
45043
60376
29471
73604
53899
37293
62795
39258
19486
804
40216
71638
72361
81994
10168
14314
19219
81049
82684
71692
4050
50102
32139
18220
4465
14284
3713
83487
33270
47317
67973
538
43711
34729
16055
13834
12358
22037
15534
21104
5115
7362
85765
61182
84032
15004
83749
72125
58173
86531
3300
2298
81183
67604
15780
25088
23486
2639
5502
45679
17308
87768
87539
20119
53625
78591
27029
9631
27828
44065
86322
15518
23014
75552
29312
79628
41730
58419
57958
32913
56451
43734
35562
5188
67671
13325
39380
22840
62396
82021
7998
17956
10693
41026
81724
28981
20581
169
75650
5332
70928
37887
65662
12840
31442
9898
70392
31077
81934
55711
52917
71574
69915
44919
31097
30973
65830
4465
54890
18766
27050
12025
50962
80688
53299
56225
34199
63026
33944
78105
24301
78362
41051
976
40654
43306
53996
84964
67026
29239
63614
23116
36253
54733
18967
47233
42715
160089
110234
106758
98092
175589
114922
101364
147152
159610
99367
95504
119191
96724
146800
97727
102112
88824
120161
116475
104477
167308
149625
124389
92573
140602
148340
106904
115137
129878
139505
163101
92035
109648
94043
151790
112105
163988
101344
96069
143026
132530
154618
94255
129245
115816
90228
160926
116682
161703
122129
136399
120189
169142
164338
151058
136048
107780
99740
91037
135078
105135
109001
126935
109977
154500
106135
155943
92109
89967
140081
106936
163751
170840
165267
166749
96880
92336
136412
107533
149141
130225
123828
118929
132900
110989
142874
142371
117985
134340
145031
140866
146539
148124
123497
100395
155013
130345
167485
88590
127867
100298
167432
131653
161064
136119
127591
88641
118661
121281
97391
151117
108838
91691
113226
150261
109049
127439
153361
175728
169329
158951
174394
104568
114814
144909
120589
128509
143907
157166
122443
103947
88979
152574
102385
126150
147402
158983
129613
118339
164654
171049
160150
92035
164553
155527
159672
134389
161575
163716
97652
135560
93053
103719
104857
147989
159585
125007
129008
143182
158807
97577
93287
159743
129313
118809
105441
106480
160081
104963
139788
191658
240404
211423
223734
179403
188247
230508
191941
259184
208268
255275
237787
190937
229416
209812
258198
183837
197482
256711
201555
244438
192085
247554
238227
239138
262976
189358
250199
220321
210741
257297
186295
248475
259333
182626
183861
187669
202146
223285
237056
180645
241237
202646
259649
214747
198012
250055
198678
231807
188093
184774
235336
220925
177857
257323
194664
194527
200504
181957
246707
239629
260057
186558
214497
220349
216448
253187
187202
256790
210754
180940
182312
250849
230038
206954
231591
240562
265974
280883
319009
334519
320779
333461
336947
332237
293582
293495
278404
325690
314737
337102
314194
301831
349507
316966
277155
265377
311035
281779
306572
321078
302537
270337
334513
340742
342810
277486
286522
290668
274828
387544
422789
391048
362555
392779
393974
400392
392395
405888
438654
376037
428520
392102
354649
381099
363711
414288
439637
380008
370851
353906
435395
424629
437373
404394
358449
381956
420889
358192
414836
372662
416479
410538
372865
419462
400548
395297
439188
390295
375911
359673
386077
392794
393022
393812
406338
353955
399691
436236
364724
382554
413483
427539
387349
383211
448006
507599
466387
482607
471391
505551
522974
517462
447382
448540
448331
489910
443357
512176
509374
458598
490378
528000
449466
487959
520996
510652
474620
487855
449409
497028
467856
453033
494973
480437
482588
479010
479023
492899
525015
518668
455335
476439
503768
487355
468087
513396
463002
485230
541798
558408
560903
606738
604062
575375
565407
600403
557677
578813
545743
580480
593748
600562
538723
607293
601738
572578
577478
549598
606258
587700
684582
681963
662816
631619
619108
624307
754245
742556
759970
725649
733206
746477
837658
851892
863531
815281
836194
805425
889772
922113
905040
913884
882121
892555
925116
943413
944424
889956
900312
1033689
1002286
981385
1055490
1046941
1047169
1037956
1021482
1018462
1010703
1000164
980922
1049632
983753
972181
1040263
1007785
997109
1003845
1041989
1027337
1009392
1019468
1051650
1036454
1036551
979275
1009803
1021961
1013873
1051429
969849
1020353
1026198
1008763
1055570
985855
1018238
1055132
1005469
1033985
979782
1020486
981672
1053560
1022638
999801
1019668
1010504
1029247
1014112
1019798
976757
989883
1044314
1189022
1209086
1182236
1192957
1159313
1197541
1311700
1286256
1270078
1266914
1257743
1315159
1337002
1326493
1351528
1325057
1370141
1377518
1381761
1329401
1390560
1322771
1325516
1438845
1418538
1422047
1484546
1412358
1446928
1561779
1536841
1553063
1566692
1574767
1537614
1664751
1639857
1662035
1592875
1613865
1593197
1684874
1749567
1673772
1713580
1695733
1753044
1753928
1738048
1688274
1696020
1674965
1708716
1732378
1724085
1691270
1678288
1844521
1827111
1845798
1773534
1781831
1814229
1859909
1887814
1888578
1875866
1862432
1921571
1997334
1986785
1999861
1962309
1956014
1940730
1945580
1991006
2003369
2014283
1979254
2105086
2045822
2103976
2094907
2026913
2083100
2120140
2114488
2127787
2194467
2182623
2125938
2473608
2521184
2466276
2511170
2509032
2492785
2614012
2617869
2562564
2597673
2583776
2634222
2558337
2633898
2611646
2614132
2592362
2635714
2626096
2602088
2592020
2565857
2704165
2677632
2680388
2649437
2664938
2662964
2751534
2814174
2797339
2741327
2741388
2760147
2770269
2729307
2755168
2747453
2735182
2889272
2822945
2846965
2839710
2820239
2845274
2827301
2849467
2848551
2830258
2854955
2934878
2925163
2979066
2949435
2975000
2939774
2942907
2977718
2950176
2950722
2909626
2982952
2990870
2970262
2979176
2984227
3007569
2999190
3056588
3057604
3042759
3017550
2995713
3022043
3021009
3041974
3001656
3246614
3240951
3182329
3212014
3223647
3183222
3296811
3276990
3259574
3302124
3310940
3313134
3372041
3380034
3397943
3419797
3368826
3374082
3498567
3464914
3501093
3475143
3519814
3488722
3624914
3690094
3667792
3649797
3639882
3624576
3906067
3932787
3922059
3915670
3917147
3888119
4061094
4130457
4133011
4132680
4090518
4067554
4109243
4083379
4058590
4083743
4051333
4889125
4877367
4868212
4916274
4925694
4862224
4975582
4957343
4939804
4995420
4940423
4982747
5338936
5335870
5344663
5346154
5346022
5329976
5622069
5553335
5592661
5544692
5566390
5612329
5889156
5839966
5815608
5867954
5850884
5873545
5980002
5953009
5901191
5977520
5930359
5912097
6006151
5993006
6021653
6001495
6008065
6004116
6522939
6514622
6586298
6592114
6559104
6517489
6935158
6948828
6950969
6948351
6950961
6921538
8227538
8265632
8247386
8271529