54230
16162
3677
51432
1105
73638
30386
80280
78556
25778
68074
54608
84160
43425
28235
35257
36730
52049
67443
7471
11029
82468
3012
58513
47903
71750
7593
44973
71147
16704
43571
77207
13687
8734
45230
11746
10958
36980
26046
19066
36236
54501
8507
83399
52829
65372
79018
1353
85244
49386
79200
27424
70335
77624
39210
63951
6365
70291
85978
52664
84127
12234
42642
83945
38346
87706
69957
54743
71713
14333
71372
60916
87531
70081
34714
34464
12207
85762
35954
34685
21699
79232
20778
20341
7251
18194
39975
70353
26461
3059
48519
23585
5536
83257
53065
49010
1869
57075
37066
72283
2114
54634
42990
33528
42906
87063
71228
3707
74293
80687
62833
7616
4030
31270
19739
14446
51020
64470
81586
76694
39479
21802
66098
39430
45640
67508
11288
33068
27439
43861
45328
21924
54495
23822
6189
11424
46568
9415
33159
27997
53849
21452
23514
1283
78324
10697
57059
49754
8864
58491
84189
56656
70349
4428
3567
85082
52764
17462
78812
44046
53192
31787
19611
5109
29267
77220
69282
81290
13027
29910
63124
35199
12649
42273
58255
14840
73940
39339
73030
72898
2843
67139
54477
20382
5031
86096
31365
72937
32955
81850
29139
70333
25468
79511
24060
39678
70585
68335
82798
15391
19719
52202
11103
86053
44916
29568
52059
78430
75791
78743
14924
9588
24741
12076
36407
27112
36116
63414
24090
59245
56521
76154
68832
23660
74321
86043
69431
70603
66398
11832
61823
79924
55322
71266
12310
64238
68150
15587
28147
48719
35404
4484
8953
6388
36000
53689
18665
6266
84698
41887
6838
80874
12829
41040
43548
81781
8606
4718
27532
48233
11795
18440
8898
40231
78499
75659
79577
37930
65958
25469
86354
46146
3494
34736
68189
2697
50031
48832
35815
71392
78177
20276
26606
62931
50783
41288
6938
82617
71382
51439
1458
82017
33875
37749
30499
85293
2056
57711
83171
57441
9244
68262
13156
957
53011
73209
38085
59188
25547
74781
63136
4203
59158
62263
61284
20347
2935
14054
56083
59912
15425
21669
11684
85070
16016
85722
78199
65847
552
1601
73649
79378
64535
83795
62322
8105
64750
12045
44327
56647
36590
38401
19802
46579
62967
86197
754
46088
58264
35642
31766
70136
34411
41442
77712
68160
45855
40661
85083
8450
55634
65679
26288
57715
46952
3187
84818
32084
79266
38084
7758
25427
86263
79013
56356
48068
87879
16335
36778
22716
4922
63988
31418
22674
33197
25884
80143
78815
61320
45376
24923
7435
9711
6124
54151
30204
3448
35029
9783
48264
32958
21080
33331
80407
12100
58254
87426
58100
33456
84269
60396
64840
67511
26629
36300
10656
2797
45724
22639
25621
7088
43376
51761
5442
85283
57259
49768
74571
80852
60372
21156
79519
18931
63805
27419
17178
28550
60829
63283
58293
28408
40946
68879
19607
55537
29304
69429
51176
34294
70387
37583
47168
63016
75496
41946
44194
71401
47775
60696
33001
32577
22109
18501
44404
37813
6271
71457
78581
85882
57501
51059
4942
77885
59212
7396
59663
29552
40336
74950
14683
17889
22003
66415
83367
72951
16946
2004
12731
717
50787
72343
71174
54158
1823
28156
60042
33156
11346
66926
28956
70393
50466
10487
3385
33069
37904
30194
26484
77406
46282
25770
84891
85011
82238
78185
34817
42824
84097
32991
32428
87733
81675
46109
38419
25665
51147
1796
36887
71569
62892
79159
21175
27315
38188
58937
39249
50770
14326
23773
31088
79515
1177
62007
35682
42929
5994
84725
5469
59333
29950
71281
61213
87312
29490
442
52945
52038
68120
9310
31824
32990
68277
64106
40268
15192
84365
76923
26089
65938
59771
72321
86993
87971
34037
83339
7423
70993
81417
29628
3985
77257
68144
17584
79535
84019
36539
77336
66523
44857
41528
45219
64789
47466
19601
13883
1426
78986
84564
26536
31147
9995
24278
17715
63752
3735
818
48884
56451
56780
64462
16622
72031
80417
78972
81984
73560
20937
23561
74337
10090
61795
77306
26950
48199
81988
6709
87949
11320
13282
64523
22746
46116
82550
12692
66961
46092
87346
71481
73605
19390
78344
71321
43319
42992
40428
43736
59651
77799
75530
53663
78660
87198
68839
75173
49555
14764
25067
58194
53085
41156
85362
31399
43851
48097
16890
29953
42903
64762
43517
80898
43093
41054
48072
2642
41284
74237
76028
72808
10993
31222
10082
7956
84883
2977
20101
1604
42949
56393
11732
18639
42609
59804
23338
334
18292
585
9161
64732
1564
78282
11569
41088
45769
86846
75364
32636
15218
35328
51434
7356
19913
62562
73498
6310
43911
33632
36761
43587
56455
6484
86744
32669
28535
59760
63078
7811
62919
52235
53701
43937
12395
29328
45043
70174
64067
86003
73968
17141
55190
43296
44241
28649
18454
42901
14970
43651
67258
17811
33720
82122
31422
33107
40637
23678
30160
62820
33823
84897
2582
5647
71364
59790
297
82060
23627
25019
57562
66282
59819
10749
38044
23355
23171
49953
82266
77700
49649
60538
50617
32817
15567
25921
85862
58043
17052
16116
33745
8154
6032
67752
58693
32442
63192
87231
82410
81773
72987
85897
33834
4436
74053
80146
76987
26882
2359
26075
4507
19050
39453
65439
86949
32551
21949
16678
61727
44137
55897
78839
44558
63938
19399
78859
28389
24092
24188
19598
13462
28005
85776
67275
6338
45481
37062
5736
18218
45223
16399
60876
2361
54675
10513
35928
73337
85134
51656
32046
4433
41191
57474
58430
75195
42672
64492
27037
20824
77152
9391
73764
50709
64798
50981
13218
5018
23049
75138
20784
5698
33121
2313
17521
62948
82499
21877
80334
65806
21527
26277
58200
60701
79256
48644
48494
8222
56641
79968
41518
42534
32957
26687
14405
23153
173
63974
19249
32052
33173
21036
73915
55670
69394
65888
75443
67674
6116
14847
52697
69565
60617
87331
47016
28853
28268
23208
41223
16447
79574
66650
7865
39390
75184
60751
27426
10223
16892
44393
87737
79578
76243
66267
44326
74975
27611
1027
37337
56920
73392
72440
79089
6940
85623
83035
52527
12404
5271
18054
24335
24076
13119
84376
73079
64732
9700
75331
86153
26145
31583
55801
22174
69478
22135
3514
82917
78497
14057
86560
45463
28200
11387
35451
39209
54902
50204
34825
47325
42368
33238
39957
28784
69818
67589
64534
31458
5710
17362
42007
42701
71721
41200
85424
79349
43439
26961
45660
51641
81021
24216
56923
11409
7162
19892
79059
69629
76628
57727
15440
42088
86452
2932
56589
85378
52172
33771
11980
55136
12186
4718
74673
29550
17172
40902
20152
72419
7686
67078
401
39928
62247
82480
73377
7020
12161
31550
14052
27279
32919
62306
25071
54258
31910
41091
25451
16655
17114
47183
35061
66385
19929
35130
391
4531
15905
43349
82955
85063
29508
72393
14446
57898
35791
32827
41497
41969
42663
39075
6664
86009
5518
58564
33859
32622
81522
41631
44491
83480
27797
2573
2976
65632
59105
39787
83466
30784
81605
82032
21750
78992
9356
65749
11640
66813
17814
3161
71698
11887
53460
43395
55019
59648
3129
78355
52676
72024
18050
40615
44374
66180
75875
67838
15204
60973
78074
11312
40091
28350
81555
7920
19081
81787
26367
43485
32347
70003
63666
49085
24297
66965
86575
51767
31579
27965
16622
72976
75288
72211
79294
71267
20543
36952
42956
11582
27656
27294
74848
56675
25756
59814
81084
33268
59828
87400
74202
61120
87488
34422
37475
66841
69258
33611
5206
43899
17011
76207
83539
1114
37984
17200
84691
80052
79438
62012
39931
38800
496
14023
73932
35332
67768
6147
27977
6363
59581
63738
31630
15602
28150
77727
80960
71227
69107
11483
83704
62306
43627
4611
47820
27711
39536
14876
44682
60783
65104
45497
6204
37452
36246
65772
49272
70191
23482
83866
22245
14385
68914
18428
24454
51362
57325
33964
80681
75621
59593
27643
25216
85626
18397
13331
7335
84924
19227
15015
46040
22680
50275
46864
21927
25191
55136
14670
19583
29113
78118
31087
10961
24686
61402
18043
6010
78801
77424
21679
19354
8924
733
80971
74654
84967
22605
23384
67897
55735
17990
49937
19441
25683
87426
60540
81428
56711
57583
47159
20043
72156
1279
3589
71323
16089
6967
57265
34139
69316
72294
23068
87976
84036
21322
33382
63622
748
51494
13066
10679
72594
27329
33157
19916
67925
4562
34838
54220
49838
38777
75342
80590
46354
54275
84236
8920
74328
33933
43410
57467
36464
79091
34472
48662
8713
4521
66448
82777
77945
68302
24909
66556
30056
80510
31488
54047
17530
3159
29820
75049
21364
55051
87805
59207
74973
4611
8491
73954
61194
32959
77723
13364
77633
52864
38333
71175
11628
58935
43884
25927
7597
47863
19076
50048
80695
8149
64954
28601
74023
52143
84515
29151
32046
53083
51114
58567
49822
46295
29784
54692
35074
1467
42694
24924
32725
61976
62581
42389
74950
40875
36921
69324
43235
6796
16262
16335
66629
47560
7684
84067
66538
33438
11491
72966
19502
59742
48730
85006
39106
78214
14937
13955
10588
70521
26197
10230
53645
3734
68113
32051
49537
73922
61473
80340
7987
17198
44613
12837
44476
7976
81146
57604
30337
47507
47803
79312
42443
22033
15064
79820
15998
68179
52800
56480
64833
19944
27543
62642
60151
68641
86095
68877
35618
43194
14143
19409
31449
80872
42946
26904
67151
47729
74941
49168
19447
43793
49085
12765
45936
75916
58581
78275
27444
15295
18591
81792
26049
84063
17173
82211
76481
5374
85036
67468
43756
59908
4327
44715
44299
4257
41472
8407
42817
47090
51042
67601
48469
4680
59468
12669
69551
34844
53629
31836
39931
30684
81493
48618
77875
16856
47359
48793
30714
59208
10082
62665
72235
16683
82444
65547
64098
17265
68241
51761
10639
1715
4646
46858
71904
33635
22885
62945
39803
82080
64232
51846
14642
66156
70634
40353
71575
85668
79641
29955
3930
28332
32026
65134
83880
65108
46574
65070
53417
18911
2607
11555
17012
38173
63590
51068
61873
38225
81212
64989
45082
32325
61255
2088
1866
18573
41240
42770
48690
42326
37574
72857
22131
48661
16785
765
3228
59257
45531
77868
10941
61200
45782
75451
12493
42085
58576
26037
12248
20730
86284
41541
76470
8565
27848
2032
74888
58204
78485
42029
43669
2363
46415
29216
60577
17620
28992
62689
62042
22061
35940
60096
53912
5447
29965
85845
38672
15864
54433
50980
60168
35465
36067
36002
28933
48258
56759
77268
55580
73621
25093
24586
23403
61153
28851
35947
66569
35130
13243
3216
44681
36917
79245
87636
79835
20452
1883
70962
19747
31
42704
29584
35389
3318
65660
58493
29881
32219
43688
79171
60790
59374
31875
60780
48827
31414
19846
68838
65127
73332
75450
5556
87241
79404
13709
23209
39347
76441
80285
42161
16616
54757
11679
30853
61065
69159
78322
65666
6817
37097
74044
71122
26020
15503
2822
58900
16775
51058
15599
23936
40607
50053
3113
32101
28954
27195
4459
58996
74364
28497
21167
21812
69386
7861
87980
62106
12825
24867
77429
19897
64756
42898
78591
75376
50857
23228
66376
3936
84705
11246
71930
44674
66366
14754
25246
5822
78857
86238
7407
31052
20688
78245
14070
51995
55943
9504
11665
72224
38907
19922
1403
42953
20572
5985
86305
16523
78994
38459
5018
59231
13809
3116
64512
84143
8569
60821
78028
51868
10963
9272
35847
15766
6235
47119
54808
85260
79235
82644
29231
46554
60142
56203
49337
74166
27290
66629
4737
23387
48142
58592
55640
8415
63029
36052
65984
43505
29114
14837
7743
37774
2024
18532
15427
59333
56509
78424
7388
51366
78173
31391
18811
72037
1695
1017
638
74362
7297
17033
9257
45346
58868
74255
31822
47300
75170
35801
81134
43035
65385
43369
39352
86743
62961
74534
32179
27805
3205
13776
363
20805
5873
12391
36595
36231
77686
82200
85051
9491
50447
7675
13268
76199
44250
22961
28023
72237
68682
40460
73396
11101
25061
73264
74696
74982
86951
80028
42593
87012
38119
83912
36971
68870
69342
831
23823
8392
2824
35949
26574
16234
56091
31350
74598
258
67057
60879
48917
56986
26852
18155
82336
28402
77838
64925
37213
68738
70301
23864
19893
69231
44947
58260
3917
52162
59943
14700
9354
39171
76878
50936
55376
22731
66838
42630
17961
41122
36135
50927
60984
16947
28610
64938
40640
17953
66685
8702
41251
27967
71965
58947
71361
58803
36650
47897
71246
79682
58544
79481
5471
60312
30643
9994
48327
71638
30419
21664
26588
24894
16169
85859
31375
15560
31696
52467
64905
40517
17962
85767
82413
55841
40775
3219
11396
19325
56998
17910
63997
52143
40294
24373
47994
79320
66631
68423
48071
55134
12953
20965
43740
72240
74117
64458
5937
59326
12262
20671
77509
12455
53934
42487
63951
86974
49435
59940
75388
25002
76338
75319
53292
66466
9935
80411
22722
33085
46340
67
27155
4909
25151
69409
4250
42710
63400
31581
48786
9759
38679
11806
87189
57873
25216
56438
12414
16967
43746
30016
20907
39533
87353
36604
28944
22382
55835
25129
71389
83290
34631
36400
5350
34114
61347
31623
63783
19203
77438
68869
51496
12535
59676
59095
44117
46000
81256
65710
21030
70735
65464
66346
3683
53295
20961
43937
12021
54172
54087
81418
79063
60998
23748
8257
10408
44067
8876
50374
57072
1712
12960
31457
16244
21603
73633
19159
51773
48072
82683
29319
53448
33185
30168
10119
21341
33359
16363
25790
14329
54556
65337
13248
44729
40395
70011
9931
73053
49175
77072
3176
12657
15536
83400
83660
9385
87793
36872
2897
22860
24441
910
42457
17297
16429
28904
19602
83159
87626
46585
49228
85477
31847
26776
55467
58348
83507
42830
51870
27130
31931
20598
54896
25955
83749
44397
9576
7745
653
82779
63906
59579
50823
59979
45781
62299
80143
28345
28481
68204
3170
65163
17585
11676
84487
31563
32971
46527
39818
4143
22697
34383
76578
61026
5678
50351
82976
67719
42867
15099
31418
66062
25338
19708
27001
10497
40206
6504
51911
21765
44160
79829
12248
29884
67571
7957
57582
33883
45966
42411
64086
8101
42236
12073
18022
59532
17993
23088
83234
24684
80227
48211
75051
20914
27339
39473
69986
45450
32879
44873
64597
50778
19454
1846
69289
32577
6126
31040
57461
77543
3810
30474
43887
23407
3531
57065
51940
87357
54154
33038
4883
14226
42691
23585
3175
28180
63233
43037
65436
65659
64563
13602
37503
48744
37813
40988
60101
84102
55435
82642
6362
12421
2132
36250
83473
35916
15866
78220
25336
23463
76415
13473
15654
94
24537
31966
2384
45777
29920
61658
41675
66400
34778
16305
70286
66194
24658
41235
80685
27967
46511
4976
19130
44941
21709
49637
45109
16756
4338
86574
65592
14855
68682
80306
17468
73526
11104
73711
28898
87004
71532
37378
35316
75235
1525
37563
2146
15760
48328
14012
6809
28248
45636
31211
67839
21975
63060
26774
5041
74479
46383
5297
85419
19207
776
57583
70351
29852
38656
69994
73100
81605
73058
75604
29741
4056
20905
55663
27588
20855
5449
35890
43636
11921
9292
17865
30281
40260
79342
464
32576
17423
66817
82296
18922
52912
63932
56116
711
85971
1371
74132
53760
21231
62040
51516
2799
39882
4565
67529
46620
76667
83055
6433
68940
17725
56574
28307
78167
59515
10260
31535
5870
49942
55341
51729
78891
62665
28664
57469
9871
68992
1310
61153
10612
44629
7797
25792
73745
41117
7329
77423
57473
39608
7203
44938
35360
82398
36330
31243
83123
50133
44797
76735
58227
77508
67533
29525
26001
54104
30691
21101
66481
42059
57433
82300
518
63694
24413
22717
81496
77026
17598
84051
61144
82440
30238
85952
18556
58388
16562
42795
76462
78466
33926
63197
67822
36623
14317
61171
83067
15018
37883
83763
20472
60715
78867
68157
22895
43585
64818
36966
12157
27834
82049
76622
16136
38622
19391
12341
7247
14575
86721
66250
24049
87876
47751
8237
56277
75009
77081
37907
21229
39972
45907
42778
52223
73525
78255
56451
41970
73012
63152
1821
78772
82379
26339
40227
51985
39059
77083
4699
53215
26225
44244
44547
27020
10921
39808
19387
71096
31421
2195
26718
53605
43212
28865
45340
77268
445
76678
726
18896
8298
85785
28852
71076
30453
51780
54522
49387
1376
55989
83293
71687
54018
27368
66188
20441
75774
43148
71317
79717
41964
43370
10271
59082
45075
48719
54194
1400
73786
67478
10235
17927
69706
17669
47940
9882
71883
79820
23642
4064
18115
11070
85830
81988
50653
17823
18904
65178
41537
45002
42829
80278
32861
33037
27862
16597
35258
64222
27354
21361
76864
20700
28531
48708
38601
48404
75990
79308
71496
81935
36077
77229
76710
6810
35572
35607
4113
51830
72020
23775
3222
15855
69780
68475
44197
76230
36341
31186
8298
86648
8987
54526
51391
87975
42391
68903
56550
4162
51586
69505
68163
40147
76487
3030
16075
11946
85549
83393
77180
31997
80348
85905
5888
61908
77158
71803
83953
58415
82940
12443
31263
20074
31778
42448
69006
67043
49897
1740
24685
39644
57323
75589
69424
58732
12370
74148
59066
83654
1080
62208
58364
19584
32753
21248
975
72606
63081
82427
16431
12580
17716
26047
45980
37007
78838
46051
83543
59209
41082
39295
87140
36429
15261
57519
56954
85308
48529
82802
11283
57763
62555
67005
39544
5938
12935
45029
15662
84662
64829
59974
16662
85390
60831
64634
28624
28408
18273
85778
40509
67420
78276
4539
58020
52191
86683
42529
35872
17814
53188
24859
17701
9305
85701
82075
56483
54753
67474
52893
75470
777
24562
55770
80968
490
10684
55906
71691
36142
72814
49532
72625
44243
66175
87205
59381
17489
84812
40593
33234
62257
60677
36328
6190
1656
80535
74100
64716
36782
39686
81945
20649
72143
14165
85607
1677
42921
50471
30349
70195
46009
5118
16186
81625
85150
46607
23798
74500
31087
19904
52319
78999
15892
44519
48257
31544
64726
66378
64210
1848
11399
10448
56250
71725
81860
77292
67627
7199
14228
25627
72344
61668
6696
62934
33726
49281
70140
24023
80859
68589
42344
18894
50496
64403
70041
12147
36970
23929
53266
83114
86938
17901
85198
51014
52496
16779
11030
68044
68825
59969
56326
42473
39843
47265
74538
73874
83488
17241
44684
4491
45612
22106
49062
71548
43115
81455
59324
654
86655
56542
84438
48039
5972
48792
36191
16534
31733
84930
27877
3964
30602
53963
16685
75249
69680
7901
53423
42821
33951
72050
5715
54821
33648
17962
43635
18420
46302
84364
69420
17405
21063
10049
80194
17359
63681
78550
22767
33955
62105
46448
60794
47239
75307
50865
17778
47506
68609
5959
83236
41888
74213
328
1891
30381
53845
21822
35402
35458
59922
54156
15365
18811
15438
81983
35129
18893
61872
34455
22998
76928
73214
72013
41520
59336
76622
41809
19016
3013
9204
25386
76456
48214
64967
3469
75239
10867
59767
56308
51007
17704
23608
53007
19417
72874
82305
74807
72911
3423
50913
85777
7820
84247
53710
42949
55990
73758
21464
16747
12233
38959
25299
57705
63324
48060
44674
3058
66807
10973
77752
37491
58601
37234
51942
39354
27631
85324
64306
85837
70892
71650
15828
72776
38944
49723
76534
45383
31243
58748
63604
20424
78625
37453
34545
55109
60731
87155
47094
22534
44742
53918
50894
9345
12876
81646
64525
52536
28143
25707
5217
1238
20086
21985
6585
69585
13157
11118
84210
27656
42215
56504
47160
39970
37078
66507
51702
6697
56143
74
82892
14098
36655
17698
77566
79673
86855
75479
44402
67260
77809
14834
12155
67415
50014
36338
8262
75909
85491
69228
8867
70656
39609
63157
4694
87200
71735
83703
86591
61490
62213
3572
46527
6529
65184
44887
36002
79039
42441
77969
70652
31456
54319
41351
7669
33702
57438
1632
81543
82740
6153
34525
60103
63081
78792
34258
15386
41843
49201
20869
33420
80600
20223
37448
37483
39005
2305
597
6654
45835
50608
81225
78151
16956
34363
49906
21932
86151
57240
34975
70254
74397
84871
23062
24085
4949
71341
79189
55418
8936
44319
48775
16494
67296
7981
69870
14386
14154
30350
75866
72887
70702
39584
21395
57700
24128
73139
25261
36674
45864
4737
44588
73518
31010
85996
23136
52343
53444
5003
35413
80872
55615
15549
6787
72509
63804
57909
8966
85432
29177
19586
68383
5385
15097
50528
69933
35106
62825
86898
19412
86038
55561
38964
58298
4815
30855
45537
79468
55831
24465
22391
29860
22871
59425
84678
57627
2355
50304
2766
35587
11372
21102
41027
8415
41558
16153
43909
50629
10726
63720
69886
71136
13532
67980
12160
41064
65199
15577
56092
45471
7956
76415
33260
86393
79742
19363
39167
53663
4402
53408
87630
54267
75100
64095
5594
3595
66903
33419
81321
5216
16593
69208
18331
10716
71146
11832
67692
48204
83172
9943
39691
10867
2194
55093
57884
42649
16607
7222
33864
14941
84718
33202
13255
72540
38251
73047
82487
85771
48506
70354
17940
11013
38709
33386
14164
33852
349
46166
19342
59678
41159
10928
69537
46206
21605
26305
39366
48110
22950
30684
19537
41729
47503
22891
54317
57506
11048
46026
57290
10267
9249
6561
47919
58248
22894
56052
69904
86458
27482
42780
37860
35617
48352
87871
64310
13611
28588
62391
15463
80404
56737
63234
31282
29277
55268
80129
66940
59997
37941
16661
8632
14271
79286
47580
67742
3886
78567
16070
39352
6474
2543
30805
73355
7447
41255
61263
68168
52371
42982
10415
41684
30258
56205
13287
83617
75302
62751
47667
54791
79695
15372
5600
44060
38655
55658
36338
28572
38796
16219
4018
26504
86166
34837
44805
36264
13727
58386
21739
18652
4101
28749
40176
36919
35601
58915
39800
14070
35650
47505
82309
14020
42478
7342
51625
17772
82203
34355
26832
81917
4902
86460
23990
58243
85016
11356
27795
29760
19135
47302
46160
85891
55920
24374
47373
71720
58685
52958
55844
74589
1701
16066
81809
85541
75196
43238
15267
22866
79116
85024
84711
17351
76588
27009
78980
52240
36137
2895
5148
26634
83355
54277
47582
71189
82083
40958
67916
38631
51214
63373
36428
35201
54004
24522
29774
5731
4116
66273
21468
62574
79192
31908
14033
59106
72404
42008
46682
35533
16589
69215
6986
50456
63998
17273
24193
48088
64153
38857
83306
33623
86613
52248
28980
10637
70941
469
66718
78135
66667
63535
46353
6887
33541
58479
2165
54720
40530
43221
9921
54361
1093
9548
239
72863
34679
55749
66546
59757
10936
5071
24540
9266
51649
62240
84024
69229
83301
85434
22125
34943
54333
25856
12631
63864
41317
20679
12941
69183
10873
38680
38290
22111
19217
31241
40351
7586
18994
49753
72305
35539
49599
12763
1313
49510
24882
17082
35801
81141
10690
71334
6429
40422
35330
69981
48015
30778
76449
59802
39113
23817
32676
67611
77039
53409
65829
76886
71460
73931
52695
47048
61717
20418
17343
29442
35398
40111
38956
39050
3188
55323
9644
23698
30381
74222
86280
79158
57939
81360
12794
53475
465
42769
24208
63828
11078
25507
56489
34791
19590
50985
14545
10297
10993
65209
23992
43606
3870
54769
34575
25889
4888
74320
59196
8046
35453
18462
52893
47713
50282
31961
87029
58204
76546
41337
8327
49303
40156
5337
50496
32388
21791
14653
8623
2360
80375
37292
39470
371
73122
79488
50092
37568
30436
78861
73555
62368
34254
2809
14470
65485
24224
79110
52904
82081
5441
5742
18943
27114
1905
4847
74398
17886
21921
61023
48435
47566
55151
74175
47851
31787
5983
27634
39106
54256
24377
14649
70989
60892
85060
65488
20125
75331
20955
1677
17517
72584
71561
34116
4950
73722
38978
8455
35305
84018
62832
83301
23178
30558
40402
82892
55893
58800
85601
7615
22124
51703
57269
40281
22878
14038
66620
57530
43927
44528
8299
2325
72920
36583
18017
22803
12502
19120
78422
51462
84577
52613
57816
72632
55508
21653
10109
60632
22580
25139
41210
81450
4947
15357
40787
71190
39737
49947
75916
72742
48355
41243
31526
80190
52908
34156
66787
19979
27553
56966
49794
7425
81427
47822
13786
32521
48030
71490
28544
1430
46262
48553
21032
49552
3906
54718
4765
40674
40189
77781
5117
26074
3952
9629
26111
82239
51890
72080
59726
50561
77407
8357
54551
38570
26611
50258
72398
25209
10758
55609
61285
32202
76774
31047
8888
79041
4316
47746
10915
57210
70839
86956
13983
25877
5306
66272
41372
987
80355
44069
64957
47173
76840
15090
71741
72922
14847
24855
20606
61705
48898
76789
51956
1223
83704
68866
33432
56217
54416
55320
8380
1724
29354
21562
39494
62014
53388
80772
45877
51742
753
12334
65502
79515
72219
32732
55860
20949
16781
12756
12747
6321
52389
29555
25049
85690
13005
60873
65882
32818
52913
49556
66554
40565
6730
46982
18471
19359
57370
19928
59668
87319
8172
17373
22700
48831
48717
21475
1629
46781
56164
32852
80263
19554
16289
86233
78412
76086
34358
45499
59325
72081
44684
2320
57792
40462
47812
73695
20497
23063
71232
14427
36728
14386
163
19
53731
70689
48945
51277
61401
58480
11333
78708
56173
43249
21064
20902
29077
23547
48722
20864
29363
54738
54638
23934
42595
22853
68805
80368
9711
85096
45795
84347
16890
15317
54447
6743
44692
39627
49458
19715
17408
85027
15071
59164
64674
66660
42510
80306
7296
47878
80970
87898
37038
13512
33892
31565
43422
72390
38024
66740
74762
36982
81678
71821
39740
6677
35286
73708
49629
81524
43829
8675
9858
85974
77311
84370
43482
17130
39043
68501
49361
17536
63224
53891
18518
52318
15591
78445
21840
56956
78222
56505
78113
86729
75722
78169
13991
28218
78485
44546
82812
60085
33647
35949
1778
27625
47534
39083
82640
9062
73618
3644
67342
49394
19547
22618
61782
14833
36459
309
76073
29250
18399
64352
48876
75618
8825
76806
75022
82856
77862
20086
15724
13377
71362
18656
78147
64644
20811
82805
28758
17012
32016
70039
72833
69308
18054
25343
30012
54749
80813
13817
66317
53103
25567
40221
80432
45593
8026
85783
26477
18010
83793
6283
25096
47477
51080
27770
43313
24389
17123
29149
19259
14950
67103
62824
33510
80087
40485
29584
30109
10610
31507
51880
654
53054
77926
75343
67360
57987
38047
60973
63933
69542
71605
44975
7805
26890
45367
11999
43802
19680
45654
59369
1721
39285
29186
33922
496
1169
53271
56293
66870
65494
32983
86443
43484
4303
31720
42420
53051
64939
31567
76741
59637
27886
51033
26596
2928
41241
82079
17833
11954
81758
55452
76548
12820
40503
37009
29273
28267
43774
63096
34111
69178
59904
71045
42465
24941
28794
81109
77376
42997
72561
73727
78964
66084
25701
5727
68312
19140
60082
40554
59900
50903
31982
20810
85166
4696
67045
63178
21900
33710
71455
63821
3995
19581
65108
65473
27483
30297
42739
45
40823
5742
87300
9784
2534
61715
76617
82993
38659
72891
81014
24577
4043
48617
79614
54503
16901
56323
74291
69124
24097
12030
58555
36737
66468
74930
67817
18915
49051
29643
65065
47638
17045
77866
21235
8478
21308
4540
66093
35608
37886
28715
42398
33329
56548
35278
84226
71351
86906
49117
60185
44062
14007
74740
85361
17867
60432
46571
13680
45447
60062
32660
36277
48998
4142
8444
43223
86425
69843
660
84664
53128
16641
6654
36785
36639
76495
26414
47466
82966
21866
47263
59014
33953
77349
9138
42883
14377
26882
54225
45016
83856
14922
55879
47220
59530
38837
11826
19324
33525
59537
42982
23628
21249
30331
10227
79499
74529
8946
42790
30352
79475
23036
61403
79939
44504
79044
74628
2751
14896
32522
62638
17436
65511
81624
78357
42368
27493
81232
17568
66004
36223
62631
47835
66020
58074
59914
4825
61623
76856
38895
66114
49293
26190
8184
13478
86146
1424
54950
43859
30369
7707
49646
43556
66635
46064
465
58769
66961
46326
67750
56498
21916
37271
47325
34806
6836
24386
39420
9240
11568
25283
87029
85503
51701
42067
10614
18560
29197
80346
20762
85529
44050
66282
27640
6162
36929
30523
18758
26299
63113
39306
21534
8832
26649
9385
29167
21250
10781
28785
23418
50282
52813
55781
83613
85007
82563
21271
76721
74738
85038
13745
24699
51357
24915
38821
81947
77480
44742
30499
61235
74150
34408
35349
87776
11406
24813
61265
2203
46150
61776
68198
49242
53856
64403
11659
41961
59857
78853
74686
23904
75221
43602
82165
46625
84274
10361
87349
21017
24607
1067
58749
1851
43514
78922
67007
36657
7929
34450
30139
16794
52118
79684
32780
56927
53682
39668
70845
13356
53033
87107
63703
67593
68407
10659
82792
56228
43740
29787
45747
26287
16800
46355
2364
13637
3422
2473
37672
15236
76247
23922
5897
85593
22432
58861
57045
81467
14808
84053
28111
1471
33275
2184
31229
21223
50072
45608
81188
44576
48932
82502
16474
39680
84609
84918
68973
48562
31751
18135
19745
76634
69249
74306
52684
68265
2859
54491
14783
53442
51049
8704
44612
44331
45808
51053
47173
75196
44344
42362
46863
40555
80656
83070
41390
28341
64159
67764
73795
5029
10193
51595
42553
43478
56765
51606
71588
19560
34162
84359
34480
4341
24194
38539
26011
67451
40083
21208
46565
61515
39896
35333
58838
12094
36112
51021
23750
59247
1946
31347
3859
20519
80098
36338
10676
50317
65254
44130
12536
1609
25696
48274
69168
84203
13321
61755
11059
2239
16473
55374
51812
77541
6880
83988
5931
80761
27175
16962
36068
37849
27245
30531
30595
80097
19823
24059
8562
83791
21013
24881
74794
56098
14053
52610
25882
61687
50438
6682
86794
55392
34529
892
25037
76735
5770
10525
15139
51255
66249
37795
16642
56674
12986
50809
21349
70395
64523
29476
30038
17951
19026
27451
53939
59921
42303
86254
77240
57820
7100
1707
3488
31205
55714
73716
6728
54827
14887
10588
50969
57325
69203
47799
13803
65087
5913
2180
11226
5404
12116
68896
41687
610
70516
59178
86076
85709
1093
24690
86096
48734
34348
66802
80952
61921
7955
85941
7505
33160
44886
32716
26068
37151
1203
51640
65918
75923
56255
25507
31670
59795
61142
22163
25209
87080
55355
28780
49911
2342
83511
24997
1853
28599
72567
8257
53781
77082
57543
30642
73711
76784
69843
82848
82359
66809
29419
16426
85535
55694
11995
26073
25044
85460
26142
72140
43670
14032
40116
25091
29789
42045
48446
25644
28313
9176
24728
42068
12729
64152
837
44435
32311
12220
72264
13612
9687
84170
55387
36806
32162
67171
35394
2687
45834
54108
65638
27060
59790
80327
61698
66786
25221
58175
29834
33816
72336
64510
18151
21410
56384
39743
52392
85666
82072
53196
11076
56676
68022
37473
79939
64984
9362
30275
8583
83472
71092
48913
67161
38568
26983
4367
83282
77148
75003
57174
6790
31995
26446
58527
10405
84122
38637
60568
12482
14980
85095
3521
84291
32996
76641
59621
74668
56333
23427
18215
48172
30577
49729
68739
55222
19922
74296
62705
55542
49000
62739
47058
84016
50015
31638
86466
40897
29218
37441
69262
45463
7691
50009
38165
27027
21267
24801
42478
68175
45812
18754
45079
43231
7415
63323
84513
11961
65905
81657
20819
86638
78029
44732
5379
840
59574
30639
19304
24407
75357
31759
61635
56836
12187
33358
38702
78349
39925
71921
77502
58878
42297
4646
76383
47611
23036
40714
32858
73311
46661
7155
52439
50563
81868
66450
61992
77305
13832
68863
34115
32465
62986
55357
37455
9174
71997
32655
23926
61631
19506
16760
71174
48851
74294
16906
82143
71122
29935
24159
10562
59617
72677
75851
72494
15182
35531
63694
19627
51232
77068
28006
22865
62996
56985
38433
28774
20579
29561
7433
13214
83772
58838
12659
41216
27140
22039
1375
49718
23469
12790
55760
50371
8813
85144
1184
83991
20128
14673
20376
21310
76095
85580
17780
84190
38037
40159
34737
72093
44237
27906
33705
54165
55256
75978
28146
56297
9426
14468
5857
49427
64484
52276
1861
983
27177
5219
14444
8823
32501
85039
42448
52009
45329
24508
28638
55843
84270
70712
29809
17110
7959
69013
82825
12443
42859
32167
67927
31658
12023
36157
48280
18780
27537
1808
21209
75664
24387
67313
8542
45525
63219
21427
26990
39134
61923
44281
74021
80628
2750
60604
28112
33459
42913
4486
63998
79399
22651
13279
70001
80377
50134
40800
68493
6770
32513
48980
46331
58207
11371
40190
11423
12220
70357
85982
36770
17429
32146
55338
33621
21784
76923
46623
48758
56536
2866
29832
69253
56042
72337
36682
67185
57977
57039
72533
86389
42155
47296
49620
67767
37373
50938
59249
29156
3979
49483
28599
61059
41161
2718
25954
2929
68156
11477
47995
61148
40457
2722
34764
61145
22732
44580
12293
73941
21738
38242
75326
21702
22255
42979
36931
75778
74975
24747
81249
63025
13559
14778
32208
4444
3727
27200
55554
37528
87092
28579
20542
57569
29821
49050
73408
27506
76268
15333
71681
8293
41561
84551
44072
67522
48946
36795
32948
11992
34911
27217
2260
21331
17698
24660
19565
57106
46116
2963
85513
34904
42215
62865
56549
13162
18188
3528
32710
72701
28943
51203
36620
1925
79843
156
71413
38616
58021
28317
38792
46489
27673
293
17370
62367
41794
24514
73483
14571
26682
62992
58557
21588
59702
31601
6133
75601
16606
18982
58003
3511
50295
29284
28562
35636
84818
63080
73851
59404
4984
19992
78104
22139
85254
56957
9687
68130
87433
72782
53496
7995
86182
36339
15066
39557
82220
53812
75823
9696
57239
28692
62844
53668
58297
8208
71551
18699
76687
39921
52283
41954
61225
56570
53951
46879
7202
80325
13230
36040
56632
22173
10767
71852
22717
71425
73344
83503
66219
9895
34085
30405
67908
5060
7881
8174
25583
12049
85870
19706
64214
20396
60340
78018
47832
52512
47823
13330
60672
81494
68342
73028
47231
71011
69716
66135
36811
16009
46613
4005
84304
87700
80114
17443
76987
83315
82663
11226
37112
70415
61154
15923
67218
56974
28074
60075
39954
46089
45974
29141
53236
49574
39289
4167
62745
63225
71593
67854
27813
87659
80560
76524
6442
8312
74065
40104
77499
11193
74081
43150
31185
61260
39062
74734
23276
13199
37232
16243
53708
86848
82006
32635
23659
6598
12222
4189
12247
29704
33183
11104
24627
59074
54232
7907
21898
5248
32987
2362
51070
49224
59623
56360
61414
53157
81782
50830
32298
62329
64867
30399
31199
67146
48292
48148
7631
80914
2718
57085
81373
66037
34872
47666
23732
86742
47123
2880
66213
19410
18663
10125
81702
26922
31100
61657
35336
54101
23154
67621
46227
81198
11242
83369
28388
18354
43334
3617
37285
84649
64110
12990
35681
79197
9810
61187
16805
60621
4121
64324
30134
75317
60610
27039
56892
68049
72335
16605
79743
54101
43365
66573
55743
62966
70101
47692
60899
31767
15187
76491
75906
87084
21376
70830
85722
48098
75749
87030
61952
48673
70396
69217
60784
2142
87199
50253
25559
73418
31707
5614
47574
29478
24331
65658
36607
62298
1798
67126
58485
85635
2609
16632
49675
41146
70083
6790
49911
50408
45552
30461
32422
63706
67652
57946
29469
64034
58537
3240
19495
12444
15955
8780
40542
51094
76103
45038
1411
49549
68033
36934
45224
31291
7577
16662
45247
86702
26757
53105
2109
12113
50116
72911
15
75634
78351
36626
81028
2361
23562
49747
7381
37671
30586
6209
20304
73406
69131
76317
4513
74774
30081
20567
13808
54999
8230
72411
33142
47902
18623
17191
20369
22375
41350
67500
27163
58673
85720
54238
37923
77618
9648
48866
74481
8266
29586
58438
79788
67146
15898
14666
20854
23311
358
46649
60959
70514
22013
46846
38684
41358
21937
34982
12905
39070
78114
71921
59667
75021
81720
82067
72156
61445
11840
23148
14502
15300
56202
10402
4220
1650
24234
34425
74651
54475
60397
1950
14828
74281
35972
43350
70752
65197
34750
8964
76776
38644
69544
42719
8287
570
21750
82164
79025
51056
4573
75547
75074
68212
85913
86276
1573
293
1989
56508
84469
17445
67961
87702
62708
51714
35603
32997
53941
9388
73964
56172
71266
62611
61975
6905
26861
61190
847
31749
7551
72555
82769
18894
83275
53371
6647
20299
58258
73592
14289
37873
48136
82080
48787
47081
66150
86122
84158
78956
52906
37222
30056
19915
40166
81924
86707
35825
79837
62086
79633
8718
69043
11423
51910
69559
46545
47089
79315
10263
17964
35552
39464
61099
26079
44756
53143
3086
16963
71806
7819
79370
62747
43401
13657
29389
84146
66481
11596
4280
79578
63808
8109
29630
81315
4702
15896
47981
64845
45548
55442
37463
49161
71452
182
10881
60985
80444
53131
45178
17884
4656
30956
29617
54282
75235
13278
44419
25204
8267
41042
69911
86477
21992
10119
71761
52168
86608
32453
86407
22372
61486
16161
36549
23728
82528
48464
14449
13447
14564
48880
6959
36514
59125
9684
58781
71019
46361
87723
3144
22610
51825
62065
32665
4245
77972
70182
87675
71630
2245
79280
18243
84656
58539
17458
9217
16891
40198
2935
17658
32330
61580
8930
40467
10852
42436
81710
41793
29350
76335
6778
5989
23126
27000
63317
42139
46771
66141
53535
5006
2144
73514
20853
22872
38086
840
85609
71708
2500
82745
80010
10382
35730
78753
1370
65390
18668
37006
9036
61088
48065
21107
48659
12796
83326
72489
59612
39389
17513
11199
11256
41236
53312
51846
87325
50057
65369
15514
27842
16046
76527
87369
73481
40819
50436
6975
25710
42997
64644
14501
3255
55275
7421
57161
10259
29330
56376
262
17901
11412
2420
19961
85021
42841
52813
59987
35476
77000
19956
56949
27722
58901
83729
72676
11708
52529
55297
56268
82025
1698
84636
48680
49784
65006
8781
15030
65491
44593
37164
55129
80637
25498
12533
58769
47979
54781
72844
23334
86119
37037
20937
8416
15304
29945
32502
41407
17940
79397
84799
18562
63007
14089
72978
74286
18958
72924
72610
38988
4169
54960
23317
74392
66141
66438
64344
53874
67628
79706
17358
40026
51385
11212
31266
3093
10214
83070
80222
54879
48144
58694
42732
55886
72026
21368
6643
15947
29438
520
34109
13905
45440
76588
43587
52341
40364
28207
36831
49785
15330
83545
33878
3831
87416
40447
42431
40458
58876
34620
57795
2328
63675
72521
56362
54837
705
46598
39674
9176
38137
24888
5659
39094
2381
28705
43902
30460
46601
20576
46059
60678
39779
27331
44335
76880
69595
80161
41186
3515
66705
20523
78843
9007
36373
84879
14436
20165
7258
87623
78437
78432
20736
12293
69915
44797
77712
75305
27722
13524
66028
54478
52878
43327
51918
86391
42990
72895
2391
50110
54598
35540
32793
61771
40643
80046
15603
61118
4253
9858
56207
74944
30019
22399
21419
11253
49184
74749
6020
25388
8753
33084
55004
24149
41199
71724
48948
53602
39014
75997
59549
42619
62591
46165
14115
36538
47990
9378
2010
8222
10208
47792
58200
3297
52602
10451
25265
41955
22535
87034
73566
42428
37198
15815
30271
36853
67167
34507
48030
49328
81674
53967
72270
18051
52605
78927
30162
6259
44172
35809
36385
63500
57686
12719
61220
18063
5104
68669
25825
4886
74117
3364
26255
43429
56374
32478
3905
45795
31331
58914
35854
32275
21456
4994
80601
22363
75946
61626
78076
79486
49639
27725
78500
61497
35372
40681
68514
57398
22501
54761
33033
45806
42060
12269
53587
48478
1357
61043
83951
63638
83342
27873
34599
23773
56847
25617
26896
4141
46518
60364
23951
26030
15314
45727
3597
34256
80390
57779
42132
39022
29044
41493
59966
43985
32018
48494
36834
21291
43416
34456
7392
60002
22575
58612
62450
54709
18832
62544
8767
82122
82762
52961
49211
12023
47559
37790
52684
5903
68937
5051
41295
7458
67973
49643
86206
48065
50425
10811
52779
59689
52106
85415
51468
12146
57488
1492
12469
70869
45701
49914
46910
72224
33964
71473
14890
66535
21990
9065
22414
80938
35834
11077
29219
61020
60918
41747
10557
19978
72110
45241
40699
83658
3616
41079
22149
3807
65279
71561
4390
5973
69659
13177
66096
2548
33438
34954
7681
74627
5945
52865
31325
33405
58112
12202
58556
28370
85928
80187
73034
27698
32767
76192
35704
2354
72081
28218
45442
64178
68545
78849
25936
69829
58628
54706
33455
31893
59151
34726
64392
76457
73878
59421
5308
12512
40555
14895
79582
61814
23674
83498
73909
69765
25282
12243
24469
47689
4379
20308
7163
57573
78405
11389
12049
58243
40875
85934
70529
71762
66130
8394
2313
65665
63630
59442
17056
44321
66029
23048
14668
5448
57281
37503
69473
86368
54121
35045
62863
9090
55464
58224
79013
8991
38825
46836
85615
5413
68792
56006
48978
54402
9680
51482
13588
83160
75432
32428
22021
80590
16803
15587
54516
30485
60956
38369
46392
28666
29365
62127
9881
42
50952
75592
36240
73837
10794
83114
57206
26857
83814
75742
70345
8878
31151
45363
67564
78608
6456
55723
81132
10309
73987
26635
24121
56704
50786
70187
18299
67027
8159
22606
11760
52473
11668
70832
73067
35788
69104
66742
34151
68220
70113
32918
64042
46033
21781
58287
58400
65141
54014
30078
57147
30131
19658
87419
41781
50176
71484
43941
187
50326
82203
41343
49818
54149
50224
38340
77152
51820
43935
11464
45685
43587
57601
83830
42499
80664
245
51649
24734
9212
76393
8931
37217
61770
72850
87968
54502
86089
70027
70745
83827
25241
50686
23668
19110
26014
66552
36447
36595
19919
45113
86949
24910
11236
86339
72524
72842
33852
38477
9543
74219
108523
135526
129222
169276
102013
96690
108423
115091
165228
145484
169421
175706
152989
90001
126422
154510
111663
95906
115275
102454
144068
159338
141310
122811
128081
170280
99023
115264
157322
168120
147850
108243
111340
91256
107449
106783
155433
129427
164051
170169
99778
115859
135480
170694
93684
135093
116880
118755
131426
135679
158153
117796
130413
96742
149786
142931
149652
92945
137138
158430
160191
104538
138423
105082
148603
165673
133228
143903
158453
91729
94552
122704
138999
92565
168572
170770
175263
91031
141352
172069
96585
175582
119091
89394
167544
96368
89960
101618
97899
169255
159412
113499
140316
158261
102257
159305
89534
124298
102841
88140
103350
114859
174862
131665
153498
92048
171351
101777
166027
125949
124848
97507
130049
119224
90548
138417
89233
137692
155750
110699
146159
115869
113652
106844
167101
97360
92713
93073
173962
134954
107021
108446
173111
144669
160800
125306
143661
108261
109374
149023
143359
101526
133263
157759
93377
89837
161095
94919
90810
102712
163962
127363
136068
142514
170758
128703
88395
108737
144778
174833
99367
110810
173627
121635
101018
92674
136596
102459
137153
141526
144258
164837
105324
122993
115562
150458
130496
113292
102518
152200
156603
141228
120277
111463
131159
110296
132301
170161
97678
164938
112643
155201
164780
124170
128725
122383
119646
159925
130359
140003
91279
91059
116723
108567
146287
112034
130842
168367
174753
99685
175953
138528
100941
123091
144071
89010
97427
97644
131339
143704
137643
173181
127674
172712
154735
123110
141193
157182
115952
108171
150919
175711
176782
216210
257849
249960
244427
259434
230748
241757
212418
216396
192272
206525
241497
212055
254020
187598
262919
223580
199803
210415
232756
253624
249436
233607
208824
225611
185649
221698
194109
207507
183537
216785
215881
212803
229186
220824
234745
212853
205456
194093
244966
232944
191515
260804
200006
214991
184543
195694
232914
253370
182260
223702
211734
205545
214205
188777
256857
259893
249045
221066
192712
203543
216235
197219
235721
207120
200745
223954
233582
185433
213484
222234
217913
221389
182125
193704
248920
199238
252333
236007
222357
235824
203749
212717
184835
182937
181470
200893
235864
245085
201446
205772
219960
189496
232318
205146
244010
238595
260271
178458
198416
218748
195067
224917
224278
286500
317795
265410
274630
342786
351748
288469
291598
337684
323896
282469
311275
280576
342041
334890
334876
300776
305813
303024
271289
322827
296266
293965
336703
288994
337198
346656
320913
293601
344595
333833
343217
270364
342058
311932
282156
346584
296525
296554
326331
290583
291086
332592
268526
328164
423744
392506
415325
414520
410086
408796
359012
391740
391320
396815
354858
372951
392532
414567
377465
375472
405228
397349
359388
365519
432669
371217
439138
407690
421468
363355
361759
433966
412063
436157
406953
411378
412523
416235
362204
357698
439949
424277
363660
414356
380199
424134
426617
379847
374456
381591
407772
395123
435185
412621
434060
408610
355211
377995
405870
380112
393343
425027
424065
406392
393068
428556
419305
388924
371325
404185
414263
385819
353733
394529
372343
404354
358651
435356
358168
523025
524216
442075
482091
485841
510714
518653
458408
457041
490194
477404
440484
511953
524251
479869
460202
482199
527966
471854
465904
467803
503703
480764
510483
472876
447394
449423
506879
440478
482056
469962
471408
482598
460880
490207
456041
514284
522364
514668
441243
447764
472164
517302
527228
488669
523573
511010
467018
487252
524763
503039
524246
485117
517600
483974
470570
450328
484278
461326
500273
539763
581111
577291
569598
528385
550926
569050
540996
537533
567331
592895
599948
549683
583462
534795
554408
544380
587003
534538
533689
557179
590426
551905
587835
566421
600426
561481
587059
601878
600916
694490
635972
623570
702372
655448
632805
647921
653037
730310
768554
761668
726623
779381
711685
776375
729261
794165
860518
799862
812499
825763
795190
847169
801491
890112
893704
910355
897925
961480
948965
897417
899516
940406
956169
888391
960233
966606
956454
933533
977632
994402
1021566
1042414
1032218
993410
1023006
1046713
980637
1006150
987936
1012640
1004084
1049347
973137
1048350
1017599
988141
1023012
1032779
994882
1047540
1054572
1046900
998619
1047719
1009102
984887
1010287
971167
1011505
997660
1018174
978869
984807
1000398
982614
1022369
995299
1011774
1041481
998589
969430
1021621
1014227
994617
1012007
978581
1007978
983146
1001572
1014157
968397
1035502
994445
1013411
1025217
1034723
1009499
1016372
1010309
978692
981663
1001838
996664
1053650
1045249
993208
1032163
1007638
989104
995856
985103
1022869
968072
1191650
1221111
1189512
1182695
1149605
1188574
1171858
1158993
1265933
1267506
1300343
1258351
1264029
1291687
1315441
1314626
1382859
1323849
1405065
1396601
1394224
1405119
1357756
1387917
1346262
1322888
1323920
1347485
1374695
1403391
1345280
1413487
1443818
1449015
1490122
1468220
1416299
1412956
1459226
1573646
1542693
1511515
1524134
1564897
1504722
1582010
1561259
1609844
1590535
1617890
1587638
1661551
1599091
1665083
1657590
1679827
1699102
1688710
1707267
1705994
1690070
1753433
1691797
1746204
1756234
1757852
1734802
1677981
1740487
1753475
1672661
1712756
1676670
1691851
1697652
1729399
1684839
1792384
1837035
1760221
1816092
1798398
1797997
1764508
1788536
1881629
1914452
1849480
1857904
1895116
1926869
1865938
1856229
1957867
1992598
1949108
1960647
1986094
1962099
1960881
1958670
2019225
1986871
2011208
2007301
1983337
2010088
1949198
2025240
2061349
2104417
2102505
2108092
2089078
2075515
2025139
2188209
2122192
2174990
2137544
2180497
2135721
2173840
2127465
2467014
2498444
2482600
2502868
2488854
2532406
2464593
2465498
2636812
2573221
2586517
2586578
2554784
2594335
2555029
2590752
2565769
2604838
2617146
2566841
2632665
2622261
2617651
2561340
2555920
2605605
2611495
2595367
2553542
2633791
2702507
2641533
2654321
2679221
2683851
2711442
2711073
2682483
2807813
2785238
2777846
2764631
2795020
2729984
2747804
2754688
2814014
2792063
2793543
2769225
2815327
2730781
2769940
2897561
2886281
2899744
2887814
2858382
2820873
2816383
2834353
2840758
2891348
2821522
2896247
2859150
2853312
2845707
2967738
2967643
2940166
2932786
2917090
2904530
2957680
2978702
2915748
2928146
2960631
2991975
2951935
2921532
2928351
2988965
2934679
2980375
2970100
2957481
2937257
2923730
3006191
3021109
3016677
3000239
3069838
2995670
3049117
3071838
3044716
3034016
3053293
3073309
3004957
3008882
3053376
3222000
3200429
3171839
3187935
3233062
3207939
3251494
3171425
3311222
3334767
3330356
3332322
3316930
3260336
3268291
3337541
3365542
3355875
3344993
3431576
3396987
3402692
3430952
3399557
3438120
3442411
3511632
3455826
3477614
3495302
3495839
3512125
3647985
3635246
3695349
3619017
3651317
3670512
3675999
3616237
3885745
3875551
3916090
3887105
3930232
3914368
3923367
3943519
4053013
4048301
4075966
4075424
4056972
4121450
4108352
4053783
4071814
4100099
4128367
4108341
4135657
4051386
4058712
4851719
4846393
4854599
4863216
4883481
4926021
4864271
4913016
4931393
4936902
5001242
4982809
4963110
4965763
4968905
4933607
5311651
5309911
5322957
5327891
5355231
5306741
5342513
5282624
5572905
5602329
5594295
5617746
5595496
5575861
5577683
5587861
5867897
5865032
5832484
5841254
5808734
5833721
5820503
5876984
5918642
5949507
5909240
5964182
5961910
5976023
5973983
5909319
6054929
6008127
6020318
6065110
6037918
6071537
6030805
6058203
6513950
6560213
6531602
6583978
6523075
6524952
6573335
6596037
6928976
6876404
6894188
6909835
6949207
6889249
6937106
6896839
8243547
8211069
8209469
8267551
8256696
8212303
8270230
8219727
8354036
8312238