450
739
934
864
954
115
233
490
667
744
954
895
602
667
273
775
24
757
326
282
770
48
929
352
807
309
904
917
235
898
844
230
29
784
851
357
639
563
622
445
416
787
818
907
714
854
124
888
626
111
689
424
449
803
374
433
617
978
322
230
670
847
681
790
622
278
883
859
455
644
638
773
392
766
945
776
176
351
740
463
416
355
269
237
582
851
774
535
205
260
25
871
171
215
150
738
70
169
418
628
358
51
295
910
885
388
676
332
753
745
499
874
310
405
722
420
393
378
914
778
912
456
372
442
406
444
956
817
53
91
445
416
641
566
129
556
57
328
218
260
111
721
544
609
189
296
132
984
755
310
863
779
126
619
86
848
736
359
419
579
216
897
26
34
847
791
120
459
492
550
569
98
621
488
895
650
257
604
413
288
466
993
435
567
249
725
720
873
432
501
42
641
836
525
179
421
602
31
231
997
304
987
756
441
944
367
241
848
126
221
712
12
636
339
973
52
968
266
614
961
392
317
505
770
912
546
208
473
656
816
517
622
322
224
113
124
206
926
988
506
419
982
922
853
776
855
31
839
862
472
290
360
285
949
544
817
319
102
932
784
445
587
805
260
919
536
929
981
142
511
751
665
71
813
339
957
10
173
286
780
366
779
190
622
665
378
647
509
698
78
777
621
556
554
493
913
259
368
272
333
880
624
869
259
581
466
769
374
114
549
1000
294
618
76
706
109
920
767
897
333
40
949
531
92
512
247
526
232
126
131
849
832
376
114
748
839
157
345
628
507
716
592
399
52
694
589
944
982
84
798
602
651
722
305
127
102
248
228
845
492
656
458
979
816
680
441
534
643
383
27
153
341
13
172
672
433
550
230
358
910
521
762
962
550
107
467
289
682
828
355
623
937
185
828
683
479
971
679
599
70
960
492
946
654
549
521
941
334
525
85
356
471
499
341
588
926
619
538
393
54
977
439
542
731
674
978
703
743
838
66
938
328
492
992
27
888
215
50
233
950
416
808
24
697
909
128
453
1
54
954
518
37
374
427
522
568
863
155
528
881
289
25
865
596
613
762
957
628
598
333
987
677
514
734
736
964
257
631
848
38
589
806
6
713
182
579
206
174
917
685
580
518
759
91
440
550
447
927
603
409
511
948
446
658
990
984
993
939
118
769
893
668
98
171
322
133
309
767
122
422
792
682
889
149
888
344
640
31
954
662
79
214
632
979
304
83
354
746
800
171
119
431
721
493
949
794
321
611
353
701
599
383
260
91
260
71
862
870
817
837
393
869
147
230
915
907
201
882
7
868
713
620
131
55
586
514
39
757
457
188
791
994
775
104
967
693
938
176
785
454
185
859
867
330
846
998
663
117
866
921
66
836
903
239
638
104
421
605
91
655
129
955
335
992
32
444
326
803
569
842
413
138
209
628
591
583
613
254
879
217
511
125
878
310
666
306
957
241
623
9
726
888
113
55
738
653
534
235
580
217
220
823
147
413
750
101
780
963
878
232
552
192
404
260
77
868
996
439
339
791
430
749
40
856
767
39
40
394
555
850
281
82
788
798
169
770
318
819
588
305
36
718
17
261
441
767
913
3
217
170
420
632
67
49
299
90
53
709
858
921
471
681
825
561
350
227
477
287
424
696
101
458
218
478
295
894
750
627
533
871
963
913
652
30
879
977
938
161
40
238
170
932
632
634
593
905
261
704
123
143
276
489
811
355
567
713
214
368
52
924
181
909
409
803
984
995
934
811
268
756
797
795
666
951
401
277
632
770
851
850
356
88
860
872
261
868
746
959
548
107
210
742
542
294
454
359
175
381
630
264
559
351
155
228
571
769
332
700
175
614
258
700
880
663
963
639
398
43
724
809
435
73
946
930
283
800
480
682
165
795
415
683
997
774
760
516
346
778
609
646
761
114
229
272
144
954
542
204
578
248
721
572
816
3
321
513
405
322
314
465
496
87
968
724
521
783
479
145
555
10
313
552
505
248
252
385
525
356
171
136
378
87
303
575
842
403
124
433
849
639
572
23
149
585
422
52
703
174
834
512
251
276
264
248
212
734
884
599
212
195
455
368
853
136
318
600
281
901
436
69
573
481
26
116
358
210
202
165
19
839
131
933
307
215
460
222
210
58
472
186
830
468
213
906
325
665
683
653
157
628
129
466
804
372
819
501
18
915
752
105
680
356
381
378
826
378
56
319
704
471
166
345
405
510
690
502
532
824
957
832
566
918
277
583
530
184
358
509
993
688
43
178
349
932
862
258
956
447
994
90