450
739
934
864
954
115
233
490
667
744
954
895
602
667
273
775
24
757
326
282
770
48
929
352
807
309
904
917
235
898
844
230
29
784
851
357
639
563
622
445
416
787
818
907
714
854
124
888
626
111
689
424
449
803
374
433
617
978
322
230
670
847
681
790
622
278
883
859
455
644
638
773
392
766
945
776
176
351
740
463
416
355
269
237
582
851
774
535
205
260
25
871
171
215
150
738
70
169
418
628
358
51
295
910
885
388
676
332
753
745
499
874
310
405
722
420
393
378
914
778
912
456
372
442
406
444
956
817
53
91
445
416
641
566
129
556
57
328
218
260
111
721
544
609
189
296
132
984
755
310
863
779
126
619
86
848
736
359
419
579
216
897
26
34
847
791
120
459
492
550
569
98
621
488
895
650
257
604
413
288
466
993
435
567
249
725
720
873
432
501
42
641
836
525
179
421
602
31
231
997
304
987
756
441
944
367
241
848
126
221
712
12
636
339
973
52
968
266
614
961
392
317
505
770
912
546
208
473
656
816
517
622
322
224
113
124
206
926
988
506
419
982
922
853
776
855
31
839
862
472
290
360
285
949
544
817
319
102
932
784
445
587
805
260
919
536
929
981
142
511
751
665
71
813
339
957
10
173
286
780
366
779
190
622
665
378
647
509
698
78
777
621
556
554
493
913
259
368
272
333
880
624
869
259
581
466
769
374
114
549
1000
294
618
76
706
109
920
767
897
333
40
949
531
92
512
247
526
232
126
131
849
832
376
114
748
839
157
345
628
507
716
592
399
52
694
589
944
982
84
798
602
651
722
305
127
102
248
228
845
492
656
458
979
816
680
441
534
643
383
27
153
341
13
172
672
433
550
230
358
910
521
762
962
550
107
467
289
682
828
355
623
937
185
828
683
479
971
679
599
70
960
492
946
654
549
521
941
334
525
85
356
471
499
341
588
926
619
538
393
54
977
439
542
731
674
978
703
743
838
66
938
328
492
992
27
888
215
50
233
950
416
808
24
697
909
128
453
1
54
954
518
37
374
427
522
568
863
155
528
881
289
25
865
596
613
762
957
628
598
333
987
677
514
734
736
964
257
631
848
38
589
806
6
713
182
579
206
174
917
685
580
518
759
91
440
550
447
927
603
409
511
948
446
658
990
984
993
939
118
769
893
668
98
171
322
133
309
767
122
422
792
682
889
149
888
344
640
31
954
662
79
214
632
979
304
83
354
746
800
171
119
431
721
493
949
794
321
611
353
701
599
383
260
91
260
71
862
870
817
837
393
869
147
230
915
907
201
882
7
868
713
620
131
55
586
514
39
757
457
188
791
994
775
104
967
693
938
176
785
454
185
859
867
330
846
998
663
117
866
921
66
836
903
239
638
104
421
605
91
655
129
955
335
992
32
444
326
803
569
842
413
138
209
628
591
583
613
254
879
217
511
125
878
310
666
306
957
241
623
9
726
888
113
55
738
653
534
235
580
217
220
823
147
413
750
101
780
963
878
232
552
192
404
260
77
868
996
439
339
791
430
749
40
856
767
39
40
394
555
850
281
82
788
798
169
770
318
819
588
305
36
718
17
261
441
767
913
3
217
170
420
632
67
49
299
90
53
709
858
921
471
681
825
561
350
227
477
287
424
696
101
458
218
478
295
894
750
627
533
871
963
913
652
30
879
977
938
161
40
238
170
932
632
634
593
905
261
704
123
143
276
489
811
355
567
713
214
368
52
924
181
909
409
803
984
995
934
811
268
756
797
795
666
951
401
277
632
770
851
850
356
88
860
872
261
868
746
959
548
107
210
742
542
294
454
359
175
381
630
264
559
351
155
228
571
769
332
700
175
614
258
700
880
663
963
639
398
43
724
809
435
73
946
930
283
800
480
682
165
795
415
683
997
774
760
516
346
778
609
646
761
114
229
272
144
954
542
204
578
248
721
572
816
3
321
513
405
322
314
465
496
87
968
724
521
783
479
145
555
10
313
552
505
248
252
385
525
356
171
136
378
87
303
575
842
403
124
433
849
639
572
23
149
585
422
52
703
174
834
512
251
276
264
248
212
734
884
599
212
195
455
368
853
136
318
600
281
901
436
69
573
481
26
116
358
210
202
165
19
839
131
933
307
215
460
222
210
58
472
186
830
468
213
906
325
665
683
653
157
628
129
466
804
372
819
501
18
915
752
105
680
356
381
378
826
378
56
319
704
471
166
345
405
510
690
502
532
824
957
832
566
918
277
583
530
184
358
509
993
688
43
178
349
932
862
258
956
447
994
90
46
712
823
704
466
255
594
990
748
544
668
37
72
962
765
536
530
312
278
744
835
19
759
363
568
296
924
204
443
678
551
703
320
478
282
948
825
852
374
736
560
181
319
7
196
167
525
275
440
739
618
704
217
522
62
791
302
872
749
709
539
697
534
71
259
853
151
856
854
114
805
266
261
247
917
781
586
784
55
445
238
87
632
714
44
933
178
462
797
791
605
180
847
631
956
286
862
515
681
83
707
156
428
88
684
693
142
660
146
151
556
733
904
459
31
738
945
260
218
962
348
185
43
497
541
168
210
257
826
267
198
271
801
483
837
141
965
743
222
74
879
971
171
934
200
401
969
317
93
305
774
398
342
275
263
826
396
846
335
701
553
455
160
804
944
876
503
742
534
771
920
835
127
371
581
69
130
118
692
712
474
541
642
315
669
171
417
657
159
960
992
526
879
873
389
650
439
639
594
818
784
813
502
904
339
684
509
814
772
243
140
723
116
744
400
650
759
693
242
285
329
461
141
136
98
483
710
117
878
442
628
240
37
160
992
41
63
639
111
8
872
391
57
11
891
933
534
653
597
679
925
108
555
75
383
854
541
149
935
593
443
49
929
337
86
859
688
426
778
752
757
668
196
559
549
357
785
691
971
552
75
929
447
612
956
872
232
86
412
601
167
783
753
291
438
101
329
244
337
489
709
541
316
361
343
20
398
312
446
226
972
831
649
427
361
71
715
978
842
447
303
410
800
633
28
759
317
737
899
718
682
937
550
204
930
393
68
113
130
165
703
625
476
894
587
865
368
525
399
770
231
592
433
148
738
783
985
428
43
884
235
35
426
741
856
50
994
369
155
717
995
386
877
936
651
687
69
370
856
7
884
812
734
767
482
69
837
241
429
170
545
513
398
803
329
351
925
466
133
899
956
815
623
171
1000
318
861
445
687
32
505
102
691
438
539
409
45
835
995
719
520
466
59
301
184
421
64
307
34
883
913
274
490
698
590
857
735
354
5
594
29
31
667
846
403
621
941
880
652
826
65
774
11
458
782
949
12
226
372
878
556
390
699
950
213
73
632
925
845
129
21
290
47
545
633
217
715
293
676
868
429
61
846
196
657
576
969
829
759
436
485
404
722
971
273
617
969
618
646
783
642
37
992
281
708
246
131
225
112
781
588
770
530
468
465
721
2
513
116
193
141
835
80
356
740
201
521
167
49
415
853
938
124
254
237
251
976
167
92
376
395
502
327
871
948
289
977
650
584
138
703
516
547
610
408
718
769
938
399
129
48
636
762
564
460
790
651
581
977
752
177
683
431
195
872
362
468
824
398
348
735
230
784
124
724
839
357
80
965
70
203
665
613
890
346
420
33
670
885
926
283
675
261
617
668
671
358
317
507
657
190
332
486
853
726
52
698
225
457
249
705
922
212
14
477
633
982
185
131
745
760
299
258
24
654
185
890
591
713
219
245
812
155
812
399
536
792
486
479
968
995
902
993
646
449
86
786
137
118
683
144
783
722
800
906
568
958
273
18
547
910
329
644
22
182
121
608
45
988
621
68
742
489
437
757
741
715
990
193
474
890
964
581
90
131
456
380
150
856
510
416
543
101
294
466
555
833
109
426
123
383
375
429
224
158
13
821
458
188
367
609
665
81
361
31
754
980
315
161
327
544
874
526
445
667
833
591
577
923
798
109
892
186
846
800
434
417
849
681
743
305
43
908
771
135
844
916
356
407
819
37
661
516
483
454
904
532
441
554
227
159
472
131
944
21
593
754
308
456
454
756
943
106
146
240
389
181
18
921
275
586
962
484
327
256
667
582
631
934
421
589
300
819
139
208
635
16
761
137
845
954
884
466
258
755
18
235
830
409
702
917
169
41
570
808
650
623
49
355
910
792
638
410
464
267
170
288
822
846
616
1
730
357
714
842
25
836
463
547
750
408
248
493
59
41
207
586
999
189
779
857
560
85
801
462
19
403
452
154
206
351
518
337
486
576
856
619
494
568
887
692
246
909
437
283
124
912
825
526
556
793
632
325
924
810
623
194
798
472
994
315
883
510
204
578
783
298
769
59
577
580
78
147
793
795
100
788
873
203
881
171
737
542
961
319
93
844
820
858
940
226
833
432
642
449
361
864
893
361
228
461
520
276
264
844
421
242
100
103
746
372
233
835
134
581
910
546
463
352
577
90
336
26
107
798
650
745
568
345
152
922
135
822
958
155
286
979
652
33
110
506
388
116
667
314
732
158
136
286
75
505
313
805
280
127
241
221
41
748
303
586
485
39
711
182
126
188
313
468
628
147
721
790
759
181
901
783
345
501
45
737
476
985
21
434
123
702
481
222
264
137
356
517
735
576
88
456
452
873
13
763
950
468
719
152
120
530
864
84
499
638
828
614
220
340
129
391
22
736
750
937
21
495
576
857
421
449
486
756
957
822
292
353
764
254
868
98
817
7
275
809
529
328
1000
684
792
449
895
835
372
368
769
940
146
447
8
886
201
491
367
855
490
311
793
219
548
594
127
568
627
3
75
201
754
197
817
341
792
729
531
936
993
720
349
334
455
874
226
823
172
835
275
957
37
641
27
921
203
277
559
211
867
292
644
430
767
380
274
692
519
409
959
752
920
672
392
390
491
187
317
216
385
578
389
170
873
738
883
596
556
330
513
528
999
571
457
251
348
604
60
928
287
661
251
789
799
297
931
160
489
557
468
951
416
605
259
383
802
583
591
286
419
766
469
328
229
545
601
512
284
441
249
100
612
976
467
494
640
490
206
399
853
547
630
118
534
672
333
853
136
252
117
320
687
673
877
468
971
917
664
379
438
792
480
16
535
178
286
489
952
342
778
165
943
370
621
767
937
788
556
512
100
268
829
579
708
318
850
52
63
557
120
846
477
477
670
739
157
6
943
409
821
351
777
124
709
231
49
862
416
34
987
274
518
498
737
233
473
114
175
553
406
262
510
944
290
236
980
60
665
597
796
899
59
560
288
666
495
748
767
107
191
931
538
732
448
291
55
974
59
170
563
273
481
491
899
882
112
211
49
172
188
22
652
326
588
716
704
588
942
115
971
350
944
367
723
744
802
773
625
824
844
818
419
875
929
425
353
636
198
963
7
653
934
553
279
948
684
456
618
446
662
14
836
124
276
689
655
910
101
878
603
304
555
789
795
621
721
761
874
974
705
141
974
954
252
375
151
670
935
262
679
671
516
899
594
721
263
813
927
979
79
590
157
26
708
966
448
795
680
225
343
531
588
181
369
682
620
990
91
631
407
961
361
902
776
674
76
472
209
674
331
471
649
416
599
281
83
219
143
547
255
957
990
901
422
311
101
516
986
544
603
354
645
270
881
355
898
119
950
679
512
469
227
818
368
790
720
301
232
151
5
257
39
769
602
352
546
146
360
863
94
917
221
371
41
537
309
288
735
736
168
572
898
172
829
229
244
109
576
947
486
353
23
93
792
750
837
134
959
361
858
323
331
797
426
756
253
246
350
85
694
514
889
665
87
197
240
636
28
575
359
557
428
680
289
565
343
463
758
538
230
658
857
504
851
217
67
787
674
165
13
128
732
351
387
566
995
884
831
143
269
497
504
937
616
206
673
586
599
299
352
138
203
256
136
719
625
44
892
244
2
790
133
273
628
238
463
483
940
177
592
592
98
214
489
284
739
51
626
11
604
503
152
505
162
380
456
430
948
701
491
644
245
202
522
909
561
14
499
913
268
115
833
931
380
289
302
179
31
640
524
274
143
983
822
441
192
837
755
446
968
51
552
569
920
2
732
128
762
462
784
499
888
189
923
830
543
842
521
176
598
673
278
256
425
589
456
954
917
561
825
796
695
545
60
66
257
489
25
348
492
367
853
442
963
469
892
123
356
961
291
291
988
666
690
11
436
135
239
28
154
869
674
538
80
58
336
354
601
564
495
138
313
442
511
374
411
507
974
204
329
135
156
813
16
259
831
434
483
155
741
572
611
363
109
419
20
322
501
51
532
95
679
312
462
111
982
474
143
20
359
461
137
14
433
624
543
494
526
137
887
279
420
579
399
514
210
954
232
12
114
51
374
879
780
703
577
667
241
159
852
161
302
118
617
78
189
195
956
416
256
870
84
862
132
269
497
642
656
810
990
36
616
52
724
197
232
477
719
979
445
597
414
533
25
351
885
666
914
240
67
624
106
691
922
186
696
180
980
969
741
363
348
677
762
907
344
161
895
64
276
669
50
848
942
990
304
489
388
206
123
785
162
711
845
814
9
515
113
643
416
561
703
24
518
268
243
757
607
723
566
312
742
685
478
67
957
533
639
28
813
375
733
830
318
877
929
228
314
94
781
591
61
11
452
655
850
929
110
32
143
263
292
488
176
401
275
634
711
868
200
138
275
74
115
596
423
606
936
134
633
446
399
694
171
946
9
421
210
283
533
328
525
188
581
884
220
519
931
681
236
529
542
138
96
186
554
377
424
495
273
4
131
559
572
780
483
814
417
306
345
475
898
871
296
925
953
182
267
996
26
859
565
489
349
724
763
361
385