450
739
934
864
954
115
233
490
667
744
954
895
602
667
273
775
24
757
326
282
770
48
929
352
807
309
904
917
235
898
844
230
29
784
851
357
639
563
622
445
416
787
818
907
714
854
124
888
626
111
689
424
449
803
374
433
617
978
322
230
670
847
681
790
622
278
883
859
455
644
638
773
392
766
945
776
176
351
740
463
416
355
269
237
582
851
774
535
205
260
25
871
171
215
150
738
70
169
418
628
358
51
295
910
885
388
676
332
753
745
499
874
310
405
722
420
393
378
914
778
912
456
372
442
406
444
956
817
53
91
445
416
641
566
129
556
57
328
218
260
111
721
544
609
189
296
132
984
755
310
863
779
126
619
86
848
736
359
419
579
216
897
26
34
847
791
120
459
492
550
569
98
621
488
895
650
257
604
413
288
466
993
435
567
249
725
720
873
432
501
42
641
836
525
179
421
602
31
231
997
304
987
756
441
944
367
241
848
126
221
712
12
636
339
973
52
968
266
614
961
392
317
505
770
912
546
208
473
656
816
517
622
322
224
113
124
206
926
988
506
419
982
922
853
776
855
31
839
862
472
290
360
285
949
544
817
319
102
932
784
445
587
805
260
919
536
929
981
142
511
751
665
71
813
339
957
10
173
286
780
366
779
190
622
665
378
647
509
698
78
777
621
556
554
493
913
259
368
272
333
880
624
869
259
581
466
769
374
114
549
1000
294
618
76
706
109
920
767
897
333
40
949
531
92
512
247
526
232
126
131
849
832
376
114
748
839
157
345
628
507
716
592
399
52
694
589
944
982
84
798
602
651
722
305
127
102
248
228
845
492
656
458
979
816
680
441
534
643
383
27
153
341
13
172
672
433
550
230
358
910
521
762
962
550
107
467
289
682
828
355
623
937
185
828
683
479
971
679
599
70
960
492
946
654
549
521
941
334
525
85
356
471
499
341
588
926
619
538
393
54
977
439
542
731
674
978
703
743
838
66
938
328
492
992
27
888
215
50
233
950
416
808
24
697
909
128
453
1
54
954
518
37
374
427
522
568
863
155
528
881
289
25
865
596
613
762
957
628
598
333
987
677
514
734
736
964
257
631
848
38
589
806
6
713
182
579
206
174
917
685
580
518
759
91
440
550
447
927
603
409
511
948
446
658
990
984
993
939
118
769
893
668
98
171
322
133
309
767
122
422
792
682
889
149
888
344
640
31
954
662
79
214
632
979
304
83
354
746
800
171
119
431
721
493
949
794
321
611
353
701
599
383
260
91
260
71
862
870
817
837
393
869
147
230
915
907
201
882
7
868
713
620
131
55
586
514
39
757
457
188
791
994
775
104
967
693
938
176
785
454
185
859
867
330
846
998
663
117
866
921
66
836
903
239
638
104
421
605
91
655
129
955
335
992
32
444
326
803
569
842
413
138
209
628
591
583
613
254
879
217
511
125
878
310
666
306
957
241
623
9
726
888
113
55
738
653
534
235
580
217
220
823
147
413
750
101
780
963
878
232
552
192
404
260
77
868
996
439
339
791
430
749
40
856
767
39
40
394
555
850
281
82
788
798
169
770
318
819
588
305
36
718
17
261
441
767
913
3
217
170
420
632
67
49
299
90
53
709
858
921
471
681
825
561
350
227
477
287
424
696
101
458
218
478
295
894
750
627
533
871
963
913
652
30
879
977
938
161
40
238
170
932
632
634
593
905
261
704
123
143
276
489
811
355
567
713
214
368
52
924
181
909
409
803
984
995
934
811
268
756
797
795
666
951
401
277
632
770
851
850
356
88
860
872
261
868
746
959
548
107
210
742
542
294
454
359
175
381
630
264
559
351
155
228
571
769
332
700
175
614
258
700
880
663
963
639
398
43
724
809
435
73
946
930
283
800
480
682
165
795
415
683
997
774
760
516
346
778
609
646
761
114
229
272
144
954
542
204
578
248
721
572
816
3
321
513
405
322
314
465
496
87
968
724
521
783
479
145
555
10
313
552
505
248
252
385
525
356
171
136
378
87
303
575
842
403
124
433
849
639
572
23
149
585
422
52
703
174
834
512
251
276
264
248
212
734
884
599
212
195
455
368
853
136
318
600
281
901
436
69
573
481
26
116
358
210
202
165
19
839
131
933
307
215
460
222
210
58
472
186
830
468
213
906
325
665
683
653
157
628
129
466
804
372
819
501
18
915
752
105
680
356
381
378
826
378
56
319
704
471
166
345
405
510
690
502
532
824
957
832
566
918
277
583
530
184
358
509
993
688
43
178
349
932
862
258
956
447
994
90
46
712
823
704
466
255
594
990
748
544
668
37
72
962
765
536
530
312
278
744
835
19
759
363
568
296
924
204
443
678
551
703
320
478
282
948
825
852
374
736
560
181
319
7
196
167
525
275
440
739
618
704
217
522
62
791
302
872
749
709
539
697
534
71
259
853
151
856
854
114
805
266
261
247
917
781
586
784
55
445
238
87
632
714
44
933
178
462
797
791
605
180
847
631
956
286
862
515
681
83
707
156
428
88
684
693
142
660
146
151
556
733
904
459
31
738
945
260
218
962
348
185
43
497
541
168
210
257
826
267
198
271
801
483
837
141
965
743
222
74
879
971
171
934
200
401
969
317
93
305
774
398
342
275
263
826
396
846
335
701
553
455
160
804
944
876
503
742
534
771
920
835
127
371
581
69
130
118
692
712
474
541
642
315
669
171
417
657
159
960
992
526
879
873
389
650
439
639
594
818
784
813
502
904
339
684
509
814
772
243
140
723
116
744
400
650
759
693
242
285
329
461
141
136
98
483
710
117
878
442
628
240
37
160
992
41
63
639
111
8
872
391
57
11
891
933
534
653
597
679
925
108
555
75
383
854
541
149
935
593
443
49
929
337
86
859
688
426
778
752
757
668
196
559
549
357
785
691
971
552
75
929
447
612
956
872
232
86
412
601
167
783
753
291
438
101
329
244
337
489
709
541
316
361
343
20
398
312
446
226
972
831
649
427
361
71
715
978
842
447
303
410
800
633
28
759
317
737
899
718
682
937
550
204
930
393
68
113
130
165
703
625
476
894
587
865
368
525
399
770
231
592
433
148
738
783
985
428
43
884
235
35
426
741
856
50
994
369
155
717
995
386
877
936
651
687
69
370
856
7
884
812
734
767
482
69
837
241
429
170
545
513
398
803
329
351
925
466
133
899
956
815
623
171
1000
318
861
445
687
32
505
102
691
438
539
409
45
835
995
719
520
466
59
301
184
421
64
307
34
883
913
274
490
698
590
857
735
354
5
594
29
31
667
846
403
621
941
880
652
826
65
774
11
458
782
949
12
226
372
878
556
390
699
950
213
73
632
925
845
129
21
290
47
545
633
217
715
293
676
868
429
61
846
196
657
576
969
829
759
436
485
404
722
971
273
617
969
618
646
783
642
37
992
281
708
246
131
225
112
781
588
770
530
468
465
721
2
513
116
193
141
835
80
356
740
201
521
167
49
415
853
938
124
254
237
251
976
167
92
376
395
502
327
871
948
289
977
650
584
138
703
516
547
610
408
718
769
938
399
129
48
636
762
564
460
790
651
581
977
752
177
683
431
195
872
362
468
824
398
348
735
230
784
124
724
839
357
80
965
70
203
665
613
890
346
420
33
670
885
926
283
675
261
617
668
671
358
317
507
657
190
332
486
853
726
52
698
225
457
249
705
922
212
14
477
633
982
185
131
745
760
299
258
24
654
185
890
591
713
219
245
812
155
812
399
536
792
486
479
968
995
902
993
646
449
86
786
137
118
683
144
783
722
800
906
568
958
273
18
547
910
329
644
22
182
121
608
45
988
621
68
742
489
437
757
741
715
990
193
474
890
964
581
90
131
456
380
150
856
510
416
543
101
294
466
555
833
109
426
123
383
375
429
224
158
13
821
458
188
367
609
665
81
361
31
754
980
315
161
327
544
874
526
445
667
833
591
577
923
798
109
892
186
846
800
434
417
849
681
743
305
43
908
771
135
844
916
356
407
819
37
661
516
483
454
904
532
441
554
227
159
472
131
944
21
593
754
308
456
454
756
943
106
146
240
389
181
18
921
275
586
962
484
327
256
667
582
631
934
421
589
300
819
139
208
635
16
761
137
845
954
884
466
258
755
18
235
830
409
702
917
169
41
570
808
650
623
49
355
910
792
638
410
464
267
170
288
822
846
616
1
730
357
714
842
25
836
463
547
750
408
248
493
59
41
207
586
999
189
779
857
560
85
801
462
19
403
452
154
206
351
518
337
486
576
856
619
494
568
887
692
246
909
437
283
124
912
825
526
556
793
632
325
924
810
623
194
798
472
994
315
883
510
204
578
783
298
769
59
577
580
78
147
793
795
100
788
873
203
881
171
737
542
961
319
93
844
820
858
940
226
833
432
642
449
361
864
893
361
228
461
520
276
264
844
421
242
100
103
746
372
233
835
134
581
910
546
463
352
577
90
336
26
107
798
650
745
568
345
152
922
135
822
958
155
286
979
652
33
110
506
388
116
667
314
732
158
136
286
75
505
313
805
280
127
241
221
41
748
303
586
485
39
711
182
126
188
313
468
628
147
721
790
759
181
901
783
345
501
45
737
476
985
21
434
123
702
481
222
264
137
356
517
735
576
88
456
452
873
13
763
950
468
719
152
120
530
864
84
499
638
828
614
220
340
129
391
22
736
750
937
21
495
576
857
421
449
486
756
957
822
292
353
764
254
868
98
817
7
275
809
529
328
1000
684
792
449
895
835
372
368
769
940
146
447
8
886
201
491
367
855
490
311
793
219
548
594
127
568
627
3
75
201
754
197
817
341
792
729
531
936
993
720
349
334
455
874
226
823
172
835
275
957
37
641
27
921
203
277
559
211
867
292
644
430
767
380
274
692
519
409
959
752
920
672
392
390
491
187
317
216
385
578
389
170
873
738
883
596
556
330
513
528
999
571
457
251
348
604
60
928
287
661
251
789
799
297
931
160
489
557
468
951
416
605
259
383
802
583
591
286
419
766
469
328
229
545
601
512
284
441
249
100
612
976
467
494
640
490
206
399
853
547
630
118
534
672
333
853
136
252
117
320
687
673
877
468
971
917
664
379
438
792
480
16
535
178
286
489
952
342
778
165
943
370
621
767
937
788
556
512
100
268
829
579
708
318
850
52
63
557
120
846
477
477
670
739
157
6
943
409
821
351
777
124
709
231
49
862
416
34
987
274
518
498
737
233
473
114
175
553
406
262
510
944
290
236
980
60
665
597
796
899
59
560
288
666
495
748
767
107
191
931
538
732
448
291
55
974
59
170
563
273
481
491
899
882
112
211
49
172
188
22
652
326
588
716
704
588
942
115
971
350
944
367
723
744
802
773
625
824
844
818
419
875
929
425
353
636
198
963
7
653
934
553
279
948
684
456
618
446
662
14
836
124
276
689
655
910
101
878
603
304
555
789
795
621
721
761
874
974
705
141
974
954
252
375
151
670
935
262
679
671
516
899
594
721
263
813
927
979
79
590
157
26
708
966
448
795
680
225
343
531
588
181
369
682
620
990
91
631
407
961
361
902
776
674
76
472
209
674
331
471
649
416
599
281
83
219
143
547
255
957
990
901
422
311
101
516
986
544
603
354
645
270
881
355
898
119
950
679
512
469
227
818
368
790
720
301
232
151
5
257
39
769
602
352
546
146
360
863
94
917
221
371
41
537
309
288
735
736
168
572
898
172
829
229
244
109
576
947
486
353
23
93
792
750
837
134
959
361
858
323
331
797
426
756
253
246
350
85
694
514
889
665
87
197
240
636
28
575
359
557
428
680
289
565
343
463
758
538
230
658
857
504
851
217
67
787
674
165
13
128
732
351
387
566
995
884
831
143
269
497
504
937
616
206
673
586
599
299
352
138
203
256
136
719
625
44
892
244
2
790
133
273
628
238
463
483
940
177
592
592
98
214
489
284
739
51
626
11
604
503
152
505
162
380
456
430
948
701
491
644
245
202
522
909
561
14
499
913
268
115
833
931
380
289
302
179
31
640
524
274
143
983
822
441
192
837
755
446
968
51
552
569
920
2
732
128
762
462
784
499
888
189
923
830
543
842
521
176
598
673
278
256
425
589
456
954
917
561
825
796
695
545
60
66
257
489
25
348
492
367
853
442
963
469
892
123
356
961
291
291
988
666
690
11
436
135
239
28
154
869
674
538
80
58
336
354
601
564
495
138
313
442
511
374
411
507
974
204
329
135
156
813
16
259
831
434
483
155
741
572
611
363
109
419
20
322
501
51
532
95
679
312
462
111
982
474
143
20
359
461
137
14
433
624
543
494
526
137
887
279
420
579
399
514
210
954
232
12
114
51
374
879
780
703
577
667
241
159
852
161
302
118
617
78
189
195
956
416
256
870
84
862
132
269
497
642
656
810
990
36
616
52
724
197
232
477
719
979
445
597
414
533
25
351
885
666
914
240
67
624
106
691
922
186
696
180
980
969
741
363
348
677
762
907
344
161
895
64
276
669
50
848
942
990
304
489
388
206
123
785
162
711
845
814
9
515
113
643
416
561
703
24
518
268
243
757
607
723
566
312
742
685
478
67
957
533
639
28
813
375
733
830
318
877
929
228
314
94
781
591
61
11
452
655
850
929
110
32
143
263
292
488
176
401
275
634
711
868
200
138
275
74
115
596
423
606
936
134
633
446
399
694
171
946
9
421
210
283
533
328
525
188
581
884
220
519
931
681
236
529
542
138
96
186
554
377
424
495
273
4
131
559
572
780
483
814
417
306
345
475
898
871
296
925
953
182
267
996
26
859
565
489
349
724
763
361
385
430
888
900
998
368
44
537
35
395
667
153
621
734
452
743
91
502
691
112
125
164
874
840
310
956
401
547
472
834
491
270
185
582
409
950
938
746
805
403
192
298
906
817
536
801
907
603
860
714
433
793
104
901
66
443
147
368
523
659
130
526
703
503
550
275
696
575
616
533
477
465
45
734
525
635
157
219
981
110
470
999
506
170
153
540
169
971
356
723
838
266
658
529
849
58
375
874
886
707
635
215
239
675
229
299
11
581
292
596
605
979
169
8
688
292
547
43
21
745
622
450
220
902
708
795
40
915
12
747
370
159
310
565
43
639
98
168
872
704
801
999
133
413
280
323
595
33
322
587
650
883
959
924
629
372
430
255
913
166
194
280
47
933
239
716
841
699
102
793
855
569
883
323
596
805
467
641
585
787
93
437
332
3
211
415
831
787
970
678
855
359
292
237
278
22
980
289
20
470
282
504
811
455
21
52
910
63
40
597
665
840
638
817
102
561
793
379
374
547
258
773
154
287
123
502
326
582
798
216
372
817
276
556
129
153
557
843
765
573
344
623
750
819
308
958
540
377
632
846
774
157
909
635
258
636
299
326
692
783
346
534
942
845
615
261
61
364
546
730
214
575
579
488
835
276
250
218
29
967
701
50
169
75
480
891
961
706
424
784
416
856
755
706
184
887
798
543
532
529
836
810
323
563
734
778
639
281
962
124
88
24
986
662
653
20
818
190
771
222
585
104
415
515
318
121
315
603
689
913
172
806
886
464
941
59
804
151
369
630
364
316
334
225
426
583
324
43
950
739
785
549
353
551
923
518
733
90
425
801
758
832
461
133
208
413
373
948
490
299
405
209
405
739
124
626
21
147
794
113
668
323
216
634
598
600
956
423
623
210
932
570
250
516
39
24
399
30
899
801
89
331
782
252
58
330
516
285
264
293
247
713
409
768
478
934
39
63
947
511
473
999
810
881
222
566
352
618
398
664
797
487
503
913
433
711
651
953
383
3
922
50
83
61
192
229
718
776
57
329
213
799
31
745
918
994
583
448
520
69
115
998
525
193
530
842
916
414
990
356
825
339
804
778
200
331
544
377
564
522
965
182
345
607
900
183
830
381
956
321
658
337
617
421
489
521
107
52
785
895
283
286
938
36
184
229
914
863
725
552
581
10
508
411
433
853
162
132
44
988
791
856
782
903
856
710
437
645
723
743
768
883
109
64
112
174
23
183
903
212
140
988
637
276
567
353
813
587
267
730
517
38
190
735
995
861
791
23
869
114
994
414
691
610
131
479
386
813
15
483
375
841
745
365
711
468
492
598
453
859
434
33
158
938
743
71
970
194
63
58
656
52
330
644
906
310
693
367
883
961
243
988
39
313
740
206
315
109
511
196
403
681
281
243
943
360
350
696
83
520
619
41
727
701
194
471
781
497
711
957
959
391
336
717
521
130
351
1
840
761
615
853
350
74
33
681
376
779
551
228
905
35
631
603
162
349
252
102
8
279
503
903
167
45
139
628
152
849
42
33
807
480
627
251
749
127
768
571
83
409
9
627
444
13
39
866
797
728
937
587
461
99
29
798
931
179
796
605
853
520
304
839
419
860
905
567
219
396
475
861
768
160
3
558
535
412
450
343
565
246
56
630
197
912
778
776
128
85
545
654
795
374
998
930
481
176
588
426
465
971
725
734
246
809
232
868
777
618
575
419
886
833
49
235
346
285
972
477
411
497
209
493
954
384
917
348
20
744
502
463
336
525
999
399
640
168
978
464
849
424
482
193
177
985
909
618
200
208
934
485
304
262
957
559
329
97
748
493
9
75
254
763
60
98
68
635
439
24
876
651
306
114
935
53
627
457
282
384
45
978
555
948
479
276
188
269
442
363
798
466
45
459
678
537
770
125
254
606
327
382
822
414
174
171
18
571
28
821
488
421
599
436
638
793
305
745
101
979
840
299
200
916
953
122
290
616
42
156
922
187
593
845
991
493
803
592
411
667
793
201
281
914
349
148
678
502
526
386
515
165
983
693
846
444
359
120
678
887
348
748
698
947
682
299
583
88
382
796
520
11
266
57
177
108
883
661
442
187
452
713
402
335
953
295
555
436
1
590
1
681
664
684
841
465
696
428
795
587
933
246
74
585
983
146
435
720
267
776
118
542
385
786
40
656
957
756
346
195
231
682
804
809
213
318
357
201
562
785
253
356
41
770
389
222
597
972
342
938
580
164
491
851
201
614
780
625
752
180
954
848
782
536
320
17
687
328
49
906
126
485
909
708
174
880
457
42
330
776
376
364
291
183
550
484
759
231
347
808
432
733
781
500
626
727
266
894
768
698
652
477
807
204
635
678
399
590
289
757
949
908
307
381
495
907
1
432
570
105
149
986
303
705
711
883
369
132
980
964
296
557
808
153
263
777
300
423
140
63
295
546
839
54
509
352
756
84
983
832
434
324
194
503
831
892
388
341
536
621
194
272
759
701
781
25
213
280
539
126
367
296
867
339
603
801
731
206
674
102
658
978
115
76
131
258
683
707
666
139
963
69
42
365
46
946
953
180
686
624
905
316
645
67
472
427
878
77
382
803
401
102
772
612
951
680
567
259
459
256
505
555
421
519
756
507
265
260
57
824
943
793
957
448
726
451
143
556
104
578
688
2
705
805
843
284
637
735
898
79
640
663
57
318
338
660
456
958
628
775
149
114
858
456
605
602
944
369
710
295
107
157
171
986
87
828
845
225
387
286
283
467
669
309
602
86
142
561
264
943
778
241
319
437
856
760
799
668
960
881
796
868
783
476
617
107
275
74
606
613
774
456
40
426
146
408
969
321
190
812
479
491
587
931
89
481
928
274
842
456
1000
204
608
131
952
197
978
663
569
24
32
74
577
734
348
371
702
283
360
15
665
669
56
762
571
341
315
233
627
772
121
629
777
734
577
743
278
97
400
679
783
219
858
778
743
347
580
766
221
290
399
538
519
778
731
907
504
516
871
826
317
32
103
321
522
891
734
701
788
27
800
963
196
124
381
850
48
557
272
162
464
934
23
945
435
659
475
917
708
306
762
290
638
322
502
353
563
596
74
216
461
18
313
311
708
843
472
142
608
600
890
725
118
98
724
194
925
258
705
436
831
860
775
405
108
560
378
602
546
571
125
508
823
557
249
911
480
998
541
735
443
883
888
624
491
223
149
741
290
9
383
741
943
817
705
118
457
381
333
581
69
402
595
673
273
915
882
187
281
241
321
437
486
234
838
897
95
911
542
846
80
194
625
478
576
846
561
384
561
574
496
499
607
1000
373
625
588
248
400
828
174
151
400
303
193
489
689
988
328
350
640
370
674
385
356
90
144
932
261
114
434
964
117
824
39
11
605
658
849
231
507
379
146
475
555
489
764
725
591
876
522
496
723
796
575
644
115
943
232
703
362
870
805
886
386
935
442
777
411
894
924
493
127
303
645
666
617
985
142
200
17
128
331
641
639
934
664
934
616
954
364
954
622
138
362
257
437
775
51
634
867
980
200
930
868
163
913
586
665
312
249
837
211
959
658
344
525
170
159
942
480
629
727
15
690
104
573
636
694
57
500
236
383
115
310
160
275
897
178
354
377
48
479
997
692
372
288
487
56
12
23
67
299
587
803
932
988
705
434
906
553
80
656
108
538
331
171
372
259
931
372
79
396
664
892
608
210
321
636
671
479
482
947
104
21
624
360
118
686
256
18
69
357
428
778
145
362
892
822
726
226
1000
195
370
115
767
852
18
568
668
644
738
452
315
115
458
635
310
942
262
94
380
414
271
600
435
898
393
194
428
158
743
412
837
419
231
322
499
202
113
769
562
574
5
847
120
345
292
979
350
152
548
970
999
159
445
934
857
324
576
374
941
355
49
78
601
652
836
561
163
710
773
688
460
9
789
801
755
975
437
719
329
161
629
840
416
777
7
677
317
694
904
800
903
954
788
261
310
720
832
259
766
798
790
284
402
488
575
714
82
250
919
615
876
404
186
893
455
427
232
126
518
861
504
243
418
658
622
11
642
621
105
69
902
604
208
590
704
487
90
223
417
960
31
893
32
348
908
84
456
606
457
529
614
365
737
163
576
300
326
373
590
343
974
685
192
827
10
830
485
524
333
12
992
733
843
194
678
615
841
785
150
751
108
844
273
111
458
561
833
42
373
365
709
203
81
464
53
130
234
187
338
715
746
29
885
590
817
917
462
544
333
238
334
135
475
559
203
508
869
697
479
320
989
842
927
480
681
951
864
862
305
661
57
387
790
818
714
850
523
790
526
703
291
867
400
918
251
169
491
211
398
958
824
81
722
997
779
413
11
165
285
157
160
439
483
699
995
265
612
607
408
567
834
939
948
899
790
820
285
627
234
268
417
903
887
781
503
869
217
641
916
91
463
964
680
530
155
94
760
927
665
314
909
175
381
163
794
797
379
447
377
722
646
138
64
347
976
149
158
394
667
134
568
337
346
52
686
930
318
581
829
484
93
576
998
909
249
110
201
543
257
970
894
771
224
329
906
179
123
166
36
885
652
611
347
545
916
983
249
216
897
558
60
33
953
755
964
257
332
839
145
70
60
684
621
842
909
19
488
97
901
30
870
53
467
782
866
919
815
17
682
169
985
676
989
522
905
949
430
121
362
586
941
612
924
558
129
417
403
269
253
583
919
775
965
166
402
936
435
546
33
484
316
336
644
577
360
660
820
688
572
748
740
233
214
315
703
323
463
127
365
43
520
81
92
432
977
703
860
555
543
7
85
575
850
721
521
143
481
418
492
779
742
412
18
685
655
736
489
118
853
393
545
858
378
645
43
471
84
100
675
486
627
637
831
688
261
313
337
396
136
99
654
703
104
743
334
620
468
633
479
93
752
442
80
421
667
613
430
221
225
936
676
371
893
55
719
168
41
718
880
552
26
667
554
451
237
134
101
460
386
410
944
891
825
46
193
631
921
529
111
473
697
661
812
413
604
263
843
572
500
589
311
258
614
816
321
278
686
551
898
579
181
810
720
846
603
918
420
494
48
736
786
926
777
687
728
558
956
282
614
597
344
301
602
856
947
787
486
445
820
511
312
418
563
816
960
138
305
914
693
412
529
328
275
405
57
795
574
903
704
276
814
199
914
329
905
631
882
315
388
592
705
628
511
658
823
179
859
733
179
858
104
73
168
431
371
14
480
744
369
495
223
500
967
637
230
417
590
863
188
852
204
593
504
519
332
508
619
774
244
466
131
173
778
509
781
752
312
796
785
901
277
281
231
559
705
151
968
650
889
404
773
734
230
552
707
650
718
6
847
583
782
41
465
26
431
785
407
170
143
150
443
123
193
682
845
979
858
599
685
549
330
681
730
906
363
215
890
843
485
761
725
19
375
279
58
566
638
58
249
792
806
751
940
58
875
56
211
571
326
818
786
358
379
387
539
564
897
821
683
158
754
450
234
910
212
295
178
81
211
332
218
264
570
672
67
71
218
544
54
108
225
981
676
142
157
891
495
384
604
681
592
474
454
989
830
392
292
940
273
319
139
485
596
101
844
573
161
181
140
448
963
418
649
452
516
623
116
859
177
553
305
295
734
97
363
503
741
251
762
717
667
635
360
840
829
602
575
26
694
239
203
617
539
369
711
802
248
220
130
220
293
923
831
561
987
749
152
98
967
710
13
408
530
814
432
924
204
742
560
733
88
927
382
356
371
85
489
658
271
20
208
119
749
984
506
279
778
510
228
669
400
394
284
892
316
234
584
285
285
927
546
487
210
583
249
945
468
299
924
465
324
119
659
726
904
163
950
265
116
780
603
379
384
585
906
213
870
231
612
734
167
920
40
400
25
259
539
329
914
272
961
620
868
323
5
330
737
426
765
190
631
188
860
557
545
1000
323
70
241
636
625
385
125
870
250
826
963
575
297
145
847
791
123
873
949
698
296
447
434
720
860
532
272
578
320
329
670
596
463
364
57
740
657
945
37
681
370
469
890
195
180
609
374
519
90
244
954
667
155
548
446
863
449
198
747
64
694
899
335
571
351
180
58
794
784
884
523
528
201
863
162
424
31
126
375
729
911
10
151
198
219
924
817
148
276
836
7
404
955
852
767
240
311
642
439
414
582
507
789
922
353
667
238
263
463
289
966
434
102
125
37
365
306
493
729
864
917
476
458
596
374
517
504
194
859
492
995
737
104
826
998
655
950
80
535
666
646
193
404
556
62
150
563
260
301
63
425
594
127
613
222
697
955
944
492
104
888
827
643
467
260
424
48
435
545
184
248
651
636
211
569
153
306
766
620
54
56
706
395
568
765
364
538
542
762
133
155
741
192
484
809
495
312
79
953
709
353
333
199
635
139
75
388
923
437
702
321
540
838
234
320
159
312
538
635
911
485
62
771
337
651
163
979
908
739
106
29
390
245
679
377
577
491
430
534
234
694
867
777
262
841
373
346
954
467
584
545
678
782
135
781
362
749
86
14
188
687
907
632
337
663
823
794
431
326
737
958
756
490
900
344
609
843
625
490
336
941
615
408
520
217
136
859
339
361
321
106
948
972
793
991
567
417
977
753
195
795
418
746
714
139
642
785
745
157
510
20
464
957
177
888
337
275
952
30
88
30
665
466
372
460
322
684
289
452
808
698
112
488
339
131
765
397
40
825
523
351
613
222
77
335
520
999
911
74
191
839
768
354
566
426
604
89
646
291
237
913
324
763
805
387
602
220
405
832
616
807
650
420
309
973
656
174
500
704
344
182
905
535
587
108
55
247
59
849
198
555
952
381
975
924
334
826
967
453
64
809
724
4
839
392
295
941
6
208
374
727
712
402
23
526
618
926
108
772
258
450
315
873
936
379
368
461
722
252
294
771
372
952
547
282
108
398
597
100
56
62
270
262
147
567
298
772
763
597
126
427
758
422
80
145
287
475
325
860
258
125
923
262
541
106
36
500
414
134
314
252
701
447
76
311
639
334
193
53
255
853
692
637
690
965
56
935
943
940
503
774
107
118
536
941
289
909
98
43
83
660
868
900
598
234
226
731
9
467
593
169
187
270
537
47
13
107
831
672
547
292
47
650
36
519
856
149
206
42
316
584
887
117
954
90
649
771
994
717
549
232
937
251
987
865
127
645
169
39
160
40
554
972
457
693
538
511
252
819
490
444
153
157
19
643
843
666
393
944
76
126
314
914
50
362
827
402
943
602
796
706
107
846
951
988
312
14
89
538
251
216
256
326
218
167
337
962
101
205
743
41
678
427
336
777
160
54
973
669
943
905
347
364
71
394
197
631
91
73
889
879
922
716
758
265
749
979
498
685
83
495
998
527
775
794
441
228
34
828
753
373
565
265
196
662
908
105
859
106
772
463
109
725
698
445
83
73
58
560
7
84
382
354
497
660
875
25
827
174
882
389
243
82
615
802
474
264
835
279
145
958
402
86
406
140
894
586
624
846
651
410
342
211
48
847
411
870
983
360
707
362
7
980
28
113
942
425
715
423
6
11
311
293
340
31
375
772
716
377
975
686
973
265
555
627
923
303
772
622
873
560
973
17
54
503
614
168
608
564
822
736
943
284
670
942
891
606
832
583
346
363
198
259
236
791
466
237
955
716
781
193
436
308
329
114
409
903
892
340
675
35
155
807
565
658
548
987
756
895
727
496
812
201
173
407
108
600
406
268
364
381
790
553
665
244
581
719
641
857
426
213
955
806
131
15
921
715
39
990
821
351
217
927
846
765
134
635
919
96
687
21
723
559
836
413
30
102
935
851
862
137
662
583
52
306
235
514
594
428
873
191
961
205
822
501
49
266
81
926
263
905
236
768
969
985
744
911
545
624
258
728
788
16
327
241
232
302
832
940
828
499
901
686
778
130
778
394
560
198
49
141
472
974
98
461
333
797
458
73
850
380
903
979
449
461
687
898
576
97
740
404
566
8
753
706
256
923
413
999
347
651
849
917
939
363
357
871
627
366
179
92
135
125
485
414
684
291
138
91
611
492
493
433
468
14
861
756
203
823
834
671
520
955
877
10
710
897
235
721
54
278
481
513
966
940
858
979
845
716
182
352
208
690
860
482
20
675
115
840
965
949
479
313
305
514
792
655
600
89
53
726
546
952
91
356
391
766
550
285
332
610
109
334
886
719
304
566
781
349
638
60
728
267
328
619
560
523
951
588
60
836
128
659
81
340
649
960
391
406
958
768
44
399
915
81
398
618
910
914
451
248
389
906
518
719
324
85
8
736
535
888
127
280
533
900
831
583
633
228
847
789
887
334
404
214
996
420
813
930
465
690
530
355
711
139
699
82
818
951
289
2
45
921
706
708
941
447
691
176
706
206
779
301
351
347
992
50
687
997
611
677
176
763
677
201
557
612
159
653
663
478
295
725
10
875
191
725
492
151
224
645
745
302
494
409
981
954
505
702
887
523
780
162
457
393
222
261
558
587
423
300
492
511
817
128
580
724
237
628
600
333
454
933
474
586
281
704
24
954
909
704
285
815
830
986
472
995
697
536
17
522
126
557
431
222
217
40
822
701
270
79
149
442
718
78
820
140
389
706
876
73
855
965
810
159
290
614
446
673
771
46
95
106
527
491
933
98
807
851
867
584
733
977
113
362
181
147
698
838
964
110
382
21
127
840
939
478
331
677
27
420
52
337
168
113
79
256
609
170
61
87
353
697
806
242
519
368
94
557
47
279
357
701
283
627
102
327
929
673
537
236
827
381
306
222
229
455
564
330
571
292
861
367
325
12
547
202
692
998
363
755
176
442
784
32
373
660
151
935
522
524
493
526
354
839
568
681
972
199
418
273
631
118
816
765
314
664
981
332
298
894
54
737
965
688
143
583
715
677
670
241
880
995
187
384
823
740
659
416
366
544
387
544
522
736
20
210
753
334
304
585
968
112
603
593
632
789
507
910
575
478
692
465
983
269
25
766
324
990
643
238
897
339
890
166
368
185
314
927
448
136
958
410
143
7
197
837
388
463
846
586
247
227
749
388
679
926
333
823
271
402
440
279
939
66
122
227
25
693
431
983
189
447
197
440
886
602
128
739
891
232
407
670
53